COMISIÓN NACIONAL DEL AGUA
COORDINACIÓN GENERAL DEL SERVICIO METEOROLÓGICO NACIONAL
BASE DE DATOS CLIMATOLÓGICA NACIONAL 

ESTADÍSTICA MENSUAL
EMISIÓN   : 13/02/2026 

DATOS DISPONIBLES EN LA BASE DE DATOS A: FEBRUARY DE 2026; 
CON LA INFORMACIÓN SUMINISTRADA POR LAS UNIDADES ADMINISTRATIVAS 

 ESTACIÓN  : 20289 
 NOMBRE    : GUEVEA DE HUMBOLDT 
 ESTADO    : OAXACA 
 MUNICIPIO : GUEVEA DE HUMBOLDT 
 SITUACIÓN : OPERANDO 
 CVE-OMM   :   
 LATITUD   : 16.78888889 ° 
 LONGITUD  : -95.37166667 ° 
 ALTITUD   : 655 msnm 


LLUVIA MÁXIMA 24 H.
AÑO	ENE	FEB	MAR	ABR	MAY	JUN	JUL	AGO	SEP	OCT	NOV	DIC	ACUM	PROM	MESES
1978				15	28.5	50	65.7	28.5	260	22.5	15.5	25.5	511.2	56.8	9
1979	5.5	10.5	6.5	40.5	20.5	50.5	70	84.5	68	70.5	9.5	5.5	442	36.8	12
1980	5	3	0	4.5	30.5	75	36	70.5	38	30	14	5	311.5	26	12
1981	5	9	0	25	15.5	44.5	100	114	40	16	15	23	407	33.9	12
1982	9	15	10	10	24	50	38	27.5	27	13.5	13		237	21.5	11
1983	0	0	0	0	0	35	51	47	47	23	40	3	246	20.5	12
1984	8	1	0.3	0	30	22	64	40	30	87	2	0.8	285.1	23.8	12
1985	0.7	0.7		0.4	2.5	46	70	43	62	14	18	8	265.3	24.1	11
1986	2	2.7	0	0	2	45	22	20	70	10	2	4	179.7	15	12
1987	7	0	6	0.3	0	32	34	129	40	0.2	30	1.5	280	23.3	12
1988	0.9	0.9	0.9	0.8	0	40	68	67	25	21	23	21	268.5	22.4	12
1989	9	20	0	3	22	45	40	37.5	45	0	33.4	31	285.9	23.8	12
1990	9.5	0.01	3	16	20	21	0	62	20	16	45	18	230.51	19.2	12
1991	4	2	1	0	10	100	21	69.5	62.3	60.3	9	6	345.1	28.8	12
1992	2	6	2	5	10	43	57	28.7	35	13	8	3	212.7	17.7	12
1993	1	2	6	0	0	127	108	80	28	18	8	8	386	32.2	12
1994	8.5	18	8	10	27.5	28	18	25	23	18.7	23	18.2	225.9	18.8	12
1995	18	10	8	2	43	43	63	80.2	40	15.4	12	28.7	363.3	30.3	12
1996	11	7	35	10	12.3	63	145	110	89	76	18	4	580.3	48.4	12
1997	6	0	46	8	12	18	25	18	63	111	46	70	423	35.2	12
1998	4	0	12	0	0	68	87	26	120	18	10	0	345	28.8	12
1999	22	14	10	0	7	140	61	32	127.5	38.7	8		460.2	41.8	11
2000	0	0	0	5	51	38.2	69.5	27.6	0	0	0	0	191.3	15.9	12
2001	0	0	0	0	0	0	0	0	0	0	0	0	0	0	12
2002				0	0		19	52	131.5	122	101.4	9.6	435.5	54.4	8
2003	15.7	5	14	5	5	165.5	145.2	80	75	190	14.2	8	722.6	60.2	12
2004	36	6.7	3	28	20	268.5	20	55	128.5	38	10	5.7	619.4	51.6	12
2005	38	6	6	0	12.4	108.5	152	100.2	88	46	60	21.5	638.6	53.2	12
2006	14	2.3	6.4	10	100	116	85.5	237	52.8	100.1	34	62.6	820.7	68.4	12
2007	2	2	6.4	11.1	10.5	62.1	141.2	143	141.5	18	2	13.2	553	46.1	12
2008	44.3	6	10.6	26.1	8.7	105	65.9	38	66.6	81.2	37.1	7.7	497.2	41.4	12
2009	70	44.3	93	13	42	87	33	53	79.5	72	21	7.7	615.5	51.3	12
2010	12	4	3	26.5	7	53	65	95	251.8	40	55	13.8	626.1	52.2	12
2011	60	8	29	1	30	48	84.7	66.5	86.3	33			446.5	44.6	10
2012	35	25.5	24.5	4.7	7.5	135.5	31.7	75	86.3				425.7	47.3	9
2013	5	8.5	10.5	2	33			180	84	61.8			384.8	48.1	8
2014	26.7		3	7.5	48	24			63	33	75	12	292.2	32.5	9
2015	35.2	5	25.3	1.5	4.7								71.7	14.3	5
2016	6.7	55.9				40.3	46.1	74	35.7	55	13.5	26.4	353.6	39.3	9
2017	19.7	11.8	8.9	10.9	75.4	238.1	58.2	101.6	79.4	71.3	28.9	7.4	711.6	59.3	12
2018	28.3	7.6	5.8	19.8	24.3	39.6	32.3	72	46	122.01	15.5	22.2	435.41	36.3	12
2019	6.4	7.5	6.5	1.5	57.5	45.6	53.8	151.7	83.3	139.9	19.1	8.5	581.3	48.4	12
2020	21.6	14	7.7	2.6	40.9	58	96	65	51		33.1	8.9	398.8	36.3	11
2021	14.2	32.7	14.3			173.4	40.9	66.9	60.9	30.9	20.7	2.8	457.7	45.8	10
2022	31.9	15.1	13.2	13.1	80	70.9	63.5	23.8	53.3	63.2	20.6	61.3	509.9	42.5	12
2023	8.3	10.6	11.4	23.2	18	19.7	74.2	76.8	37.2	38	16.2	24.3	357.9	29.8	12
2024	18.5	73.2	3.1	61	4.7	71.2	35.6	38	49.2	102.9	55.3	15.5	528.2	44	12
2025	4.7	10.6	0	0	67.4								82.7	16.5	5
MÍNIMA	0	0	0	0	0	0	0	0	0	0	0	0	0	0	5
MÁXIMA	70	73.2	93	61	100	268.5	152	237	260	190	101.4	70	820.7	68.4	12
MEDIA	15.1	10.8	10.5	9.2	23.2	71.7	60.4	69.2	69.4	48.9	24.1	15.2	396.9	35.6	11.1
DESV.ST	16	14.9	16.1	12.4	23.7	56.6	37.2	46	51.9	42.9	21.1	16.5	175.4	14.9	1.7

LLUVIA TOTAL MENSUAL
AÑO	ENE	FEB	MAR	ABR	MAY	JUN	JUL	AGO	SEP	OCT	NOV	DIC	ACUM	PROM	MESES
1978				15	80	300.6	332.4	180.1	562.2	133	26	47.5	1676.8	186.3	9
1979	19	17.5	11.5	48.5	45	225.5	237	489	423	162	33.5	20.3	1731.8	144.3	12
1980	13	5	0	6.5	55.5	260	137	234	192.5	103	18	12.5	1037	86.4	12
1981	20	17.5	0	25	19	297.5	255	481.5	159	92	42	30	1438.5	119.9	12
1982	12	21.5	17	17	46	198	293.5	105.5	186.1	74.8	59.3		1030.7	93.7	11
1983	0	0	0	0	0	134	372	319.5	289.9	123	98	11.3	1347.7	112.3	12
1984	19.3	3.8	0.3	0	72	43.7	212.2	120.3	175.8	94.4	6.1	3.2	751.1	62.6	12
1985	2.3	2		0.4	3.6	83.6	214	241.6	246	60	35	19.3	907.8	82.5	11
1986	3	4.1	0	0	4.6	136.6	144.5	115.4	214.3	32.4	7.8	6.6	669.3	55.8	12
1987	22.4	0	6.5	0.3	0	123	257	378.8	195.8	0.2	60.3	3.3	1047.6	87.3	12
1988	5.2	2.9	2.3	0.8	0	142.8	213.7	513.5	197.1	81.2	61	42	1262.5	105.2	12
1989	16	38.9	0	3.3	53.2	231.5	206.1	212.1	317.3	0	63.83	34.55	1176.78	98.1	12
1990	31.41	0.01	7	32.03	52.01	220	0	231	78	87	132	22.01	892.47	74.4	12
1991	17	5	1	0	16	264	79.7	159.3	193.1	208.8	19	31	993.9	82.8	12
1992	6	7	3	15	41	178.5	289.7	223.3	263.5	47	20	6	1100	91.7	12
1993	1	3	10	0	0	366	324.7	355	146.7	69.3	23	23	1321.7	110.1	12
1994	27.2	24	11.5	16	84	62.5	112	179.3	82.4	94.4	38	50.2	781.5	65.1	12
1995	35	29	11	3	119	150.3	296	555.9	258.3	67.4	50	52.7	1627.6	135.6	12
1996	19	21.7	35	16	22.3	145.4	572.7	333.4	343.5	172	83.4	12	1776.4	148	12
1997	6	0	55	10	29	96	96	64.5	302	476.5	78	108.7	1321.7	110.1	12
1998	8	0	26	0	0	234.5	210.5	164	646.4	125	40	0	1454.4	121.2	12
1999	26	23	10	0	7	377	300.7	157	627.5	120.9	13		1662.1	151.1	11
2000	0	0	0	15	273.7	205.1	249.2	122	0	0	0	0	865	72.1	12
2001	0	0	0	0	0	0	0	0	0	0	0	0	0	0	12
2002				0	0		115.6	237	491.6	370.6	259	30.6	1504.4	188.1	8
2003	85.6	11.5	21	9	11	633.5	421.9	273.5	477.5	424	58.2	25	2451.7	204.3	12
2004	56	26.7	10.7	57	53.6	543.8	53.6	173.3	507.9	148.3	35.1	40.1	1706.1	142.2	12
2005	76.4	19.2	11	0	15.4	284.9	777.8	657	430.7	142.5	188.1	62.4	2665.4	222.1	12
2006	42.2	9.3	15.9	11	123.3	604.8	440.8	654.7	268.7	294.8	124.2	228.1	2817.8	234.8	12
2007	5.1	3.5	11.9	13.1	14.2	175.4	599.7	544.7	436.9	60.4	11	17.2	1893.1	157.8	12
2008	100.8	10.7	16.7	44.8	21.2	360.7	294.1	171.4	436.5	295.3	94.8	13.7	1860.7	155.1	12
2009	238.2	87.3	151.9	27.2	166	402	197.9	377.7	288.7	299.9	77.8	11.7	2326.3	193.9	12
2010	51.1	18.5	7.6	36.3	7	220.5	256.1	1048.8	802.1	96	78	56	2678	223.2	12
2011	111.5	12	59.5	1	40	320.1	425.5	399.22	304.21	111.7			1784.73	178.5	10
2012	62.7	40.7	48.2	11.2	12	861.5	119.72	241.13	291.92				1689.07	187.7	9
2013	12	16.71	29.52	3.01	81			355.3	233.2	198.9			929.64	116.2	8
2014	52.72		7.01	26	172.63	51.21			448.81	148.43	135.55	52.52	1094.88	121.7	9
2015	62.75	12.7	40.1	2.6	14.6								132.75	26.6	5
2016	14.9	132				260.09	226.1	231.7	173	182.3	46.1	79.6	1345.79	149.5	9
2017	52.9	18.2	32.5	15.9	189.5	413.7	281.9	378	346.5	405.8	48.5	22.3	2205.7	183.8	12
2018	115.3	15.8	18.1	46.4	35.7	147.7	187.2	362	299.4	330.21	47.8	89.8	1695.41	141.3	12
2019	18.3	19.5	10	2.1	90.5	144.1	141.3	381.8	209	377.3	84.4	23.8	1502.1	125.2	12
2020	74.7	66.1	18	2.6	118.3	277.7	192.9	321.4	241.6		191.2	17.5	1522	138.4	11
2021	48.9	51.7	32.9			430.5	133.1	355.5	271.7	141.5	73.7	8.9	1548.4	154.8	10
2022	84.5	40.9	17.8	16.5	217.9	311.5	153.9	189.1	358.1	224.2	39	82	1735.4	144.6	12
2023	12.1	35.5	15.1	35.1	18.4	62.8	371.7	226.5	160	129	85.5	87.3	1239	103.2	12
2024	46.8	75.5	4.1	61	5.4	280.9	186.5	137.4	325.2	501.2	75.7	23.3	1723	143.6	12
2025	27.1	31	0	0	158.3								216.4	43.3	5
MÍNIMA	0	0	0	0	0	0	0	0	0	0	0	0	0	0	5
MÁXIMA	238.2	132	151.9	61	273.7	861.5	777.8	1048.8	802.1	501.2	259	228.1	2817.8	234.8	12
MEDIA	38.3	21.8	17.9	14	56.3	256	249.6	303.4	302.3	166.1	64.2	36.8	1419.6	126.6	11.1
DESV.ST	43.4	26.3	25.6	16.8	66	170.8	153	190	164.6	131.8	54	41	611.9	52	1.7

EVAPORACIÓN MENSUAL
AÑO	ENE	FEB	MAR	ABR	MAY	JUN	JUL	AGO	SEP	OCT	NOV	DIC	ACUM	PROM	MESES
1978				127.6	218.6	178.6	180.2	172.7	149.6	129.8	141.1	116.3	1414.5	157.2	9
1979	126	151.9	190.4	206.9	209.3	189.5	178.2	176.8	151.7	151.3	120.7	107.9	1960.6	163.4	12
1980	93.5	124.1	126.4	179.5	184.3	216.5	188.1	171.2	128.5	198.7	140.9	98	1849.7	154.1	12
1981	165.4	84.5	150	224.8	198.3	132.8	196.1	149.3	169.5	149	131.8	131	1882.5	156.9	12
1982	125.3	146.6	186.1	185	154.5	149.6	174.5	161.5	167.3	136.6	110.5		1697.5	154.3	11
1983	131.6	148.4	141.5	175.7	199.9	159.8	171	188.5	157.3	153.3	163	145.1	1935.1	161.3	12
1984	140.9	162	148.9	185.7	211.6	165.9	198	125.3	210.7	153.4	140.7	172.3	2015.4	167.9	12
1985	125.3	86.6		111.6	145.7	131.8	175.3	156.8	141.7	115	131.7	102.4	1423.9	129.4	11
1986	112.7	103.1	97.9	86.8	114.8	113	127.8	123.8	133.1	135.5	130.1	113.4	1392	116	12
1987	143.8	133.4	148	170.8	234.2	173.6	117.9	126.3	142.4	141.1	120.4	146.8	1798.7	149.9	12
1988	126.9	110	140.4	117.3	107.4	95.9	153.5	111.5	140	118.6	121.5	132.4	1475.4	123	12
1989	85.7	86.2	63.2	12.4									247.5	61.9	4
2009				172.2			117.5	106.5	117.7	142.42	145.2		801.52	133.6	6
2010	149.1	138.5	162.52	184.22	216	171.07				197.5	218.5	154	1591.41	176.8	9
2011	104.5	120	151.53	196	217		121.68	139.11	119.3	99.75			1268.87	141	9
2012	145.45	147.56	218.81	225.2	213.76	168.37	153.55	187.71	150.97				1611.38	179	9
2013	133.07	126.72	159.18	178.04	186.25			199.1	168.22	144.98			1295.56	161.9	8
2014	151.3		178.63	173.88	150.57	18.82			96.18	116.02	128.69	157.98	1172.07	130.2	9
2016	129.58	143.83				154.69	171.79	162.79	149.55	161.61	150.45	127.16	1351.45	150.2	9
2017	155.46	160.25	186.77	193	165.09	136.36	187.89	179.47	143.15	144.12	162.56	148.15	1962.27	163.5	12
2018	116.09	141.59	182.78	186.37	194.16	147.38	204.31	201.24	175.46	123.99	129.16	121.36	1923.89	160.3	12
2019	127.85	151.43	185.58	209.82	207.23	176.59	160.52	189.26	171.94	144.98	132.01	140.44	1997.65	166.5	12
2020	121.96	138.22	188.67	190.05	211.29	166.92	174.56	156.68	161.83		121.55	124.84	1756.57	159.7	11
2021	115.32	141.04	181.99			119.1	182.95	139.82	139.8	131.76	151.14	130.17	1433.09	143.3	10
2022	140.75	131.09	180.27	193.34	206.18	159.54	184.16	168.28	134.05	170.13	113.97	115.68	1897.44	158.1	12
2023	131.86	130.36	171.22	189.05	186.9						105.78	129.35	1044.52	149.2	7
2024	138.13	135.42	176.03	191.98	181.18	52.75	78.4	143.92	116.87	88.36	133.06	122.97	1559.07	129.9	12
2025	113.66	102.17	184.23	201.84	151.94								753.84	150.8	5
MÍNIMA	85.7	84.5	63.2	12.4	107.4	18.82	78.4	106.5	96.18	88.36	105.78	98	247.5	61.9	4
MÁXIMA	165.4	162	218.81	225.2	234.2	216.5	204.31	201.24	210.7	198.7	218.5	172.3	2015.4	179	12
MEDIA	128.9	129.8	162.5	171.9	186.1	144.5	163.5	158.2	147.4	141.2	136.7	130.4	1518.3	148.2	10.1
DESV.ST	18.4	22.7	33.2	46.4	33.5	44.5	32.1	27.6	24	26.2	23.3	19	431.2	23.1	2.4

TEMPERATURA MÁXIMA PROMEDIO
AÑO	ENE	FEB	MAR	ABR	MAY	JUN	JUL	AGO	SEP	OCT	NOV	DIC	ACUM	PROM	MESES
1978				31.5	31.1	28.7	28.3	29	30.4	26.1	26.4	26.7		28.7	9
1979	25.7	25.9	27.3	27.7	26.2	25.7	27.6	25.9	26	26.3	23.8	23.1		25.9	12
1980	25.3	26.1	23.9	28.4	29.8	29.3	28.1	30.3	30.2	27.3	26.6	26.4		27.6	12
1981	27.4	26.5	27.4	28.3	28.8	28.9	28	26.5	25.8	26.9	26.4	27.2		27.3	12
1982	27.8	25.5	26	26	27	26.9	31.7	28.8	27.9	28.5	27.5			27.6	11
1983	25.4	26.4	28.5	30.8	33.4	31.6	28.8	27.5	27	25.4	25.9	26.3		28.1	12
1984	23.7	26.2	27.9	32.8	31.4	30.4	27.3	27.7	26	27.6	26.4	24.3		27.6	12
1985	25.5	25.2		27.3	30.9	29.9	28	31	27.5	26.8	26.8	26.5		27.8	11
1986	24.6	28.6	29	33.3	32.8	28	27.4	28.1	27.8	28.4	28.1	27.6		28.6	12
1987	23.7	27.2	28.5	27.6	29.6	29.2	27.3	27.5	27.4	25.7	25.7	27		27.2	12
1988	25.4	24.3	27.1	26.6	26.6	27.2	27.9	26.9	26.5	24	26	23.4		26	12
1989	24.6	24.6	27.5	29.4	30.9	28.6	27.4	28.5	25.4	25.4	26	23		26.8	12
1990	23.5	27.7	26.9	29.6	31.2	28.9	28.5	30.1	30.2	29.2	28	26		28.3	12
1991	27.2	25.4	31.3	34.2	34.2	31.5	28.5	28.9	29.3	28.3	25.9	27		29.3	12
1992	25.5	27.3	30	31.9	32.6	32.9	31.7	31.1	30.2	28.5	26.8	25.6		29.5	12
1993	25.8	26.8	29.7	32.6	34	33.6	31.3	30.7	29.7	28.6	27.6	26.5		29.7	12
1994	26.6	27.6	29.3	30.1	31.4	32.8	32	31.3	30.2	29.1	29	26.4		29.6	12
1995	26	27.4	30.6	32	34.2	31.5	31.4	30.1	28.7	27.8	26.8	25.2		29.3	12
1996	24.9	26	28.6	31.6	33.3	32	29.4	29.2	31.3	27.9	25.5	25.4		28.8	12
1997	26.5	26.9	30.8	31.8	33.4	32.8	31.5	32.8	31.3	28.3	27.9	25.8		30	12
1998	27.7	29.7	30.8	33.3	35	35.9	32.4	33.6	30.8	28.4	27.2	25.7		30.9	12
1999	26.5	28.8	32.5	29.5	27.5	27.3	26.2	27.2	24.9	22.4	19.7			26.6	11
2000							32.9	32.1	31.6	29.2	29	26.5		30.2	6
2001	27.1	29.8	33.6	35.4	35.7	34.1	34.2	33.4	33	29.4	28.1	27.9		31.8	12
2002	28	28.2	33.9	37.1	37.7	34.9	35.4	34.8	35.1	33.8	27.4	27.4		32.8	12
2003	24.9	30.3	34.1	34.9	38.2	35.5	34.2	34.8	35.1	31.4	28.4	25.4		32.3	12
2004	28.2	31.2	32.2	35.6	35.9	34.8	35.8	35.7	35.3	33.9	30.3	27.4		33	12
2005	28.7	29.8	35.8	36.5	38.4	37.1	35.5	35.1	34.9	31.1	28.6	29.6		33.4	12
2006	28.6	29.2	33.5	37.3	38.5	35.6	34.9	34.9	34.9	32.4	29.7	31.7		33.4	12
2007	28.2	30.8	34.4	37.1	36.9	36.6	35.1	35.2	33.1	31.7	28.8	31.3		33.3	12
2008	29.2	32.9	32.5	34.5	34.7	31.5	31.1	34	31.2	28.2	29.6	27		31.4	12
2009	26.2	28.1	28.7	31.8	32.1	32	31.3	30	30.9	31.7	26.9	27.7		29.8	12
2010	24.7	28	30.4	32.6	33.9	31.5	30.3	30	29.1	28	27.5	24.5		29.2	12
2011	28	30	30.5	34.1	33.3	31.7	29.8	31.2	28.9	27.3				30.5	10
2012	27.1	28.3	30	31.7	32.8	31.4	30.4	34.2	28.8					30.5	9
2013	27.5	29.7	29.1	32.9	31.8			30.7	30.1	29.5				30.2	8
2014			34.6	31.3	30.8	29			30.1	29.5	27.4	27.3		30	8
2016	26.6	25.3				32.6	32.3	32.5	31.7	29.1	27.3	28.2		29.5	9
2017	28.7	31.8	30.2	32.6	33.5	31.7	31	32.1	31.2	28.4	27.8	26		30.4	12
2018	23	29.8	31.6	31.9	33.6	31.9	31.4	30.8	31.3	29.5	28.1	26.8		30	12
2019	26.5	31	29.7	32.9	35.2	32.9	32.2	32.9	31.9	30.1	28	28.1		31	12
2020	27.2	28.6	31.9	35.8	34.7	32.4	33.5	31.2	31.1		27.1	26.3		30.9	11
2021	26.3	28.7	30.5			31.1	31	30.6	30.1	29.7	26	29.2		29.3	10
2022	26.9	26.2	29.9	33.2	33.3	30.4	31	31.6	28.7	28.6	29.9	29.8		30	12
2023	31.4	30.1	31.9	32.1	30.4	38.3	33.3	33.7	29.1	27.3	22.9	22.8		30.3	12
2024	24.5	26.4	30.2	30.3	33.5	30.3	28.1	28	28.1	23.7	25	23.1		27.6	12
2025	22.4	26	28.3	28.4	31.6									27.3	5
MÍNIMA	22.4	24.3	23.9	26	26.2	25.7	26.2	25.9	24.9	22.4	19.7	22.8		25.9	5
MÁXIMA	31.4	32.9	35.8	37.3	38.5	38.3	35.8	35.7	35.3	33.9	30.3	31.7		33.4	12
MEDIA	26.3	28	30.3	32	32.8	31.6	30.8	30.9	30	28.4	27.1	26.6		29.6	11.2
DESV.ST	1.8	2.1	2.5	2.9	3	2.9	2.6	2.7	2.7	2.4	1.9	2		2	1.7

TEMPERATURA MÁXIMA EXTREMA
AÑO	ENE	FEB	MAR	ABR	MAY	JUN	JUL	AGO	SEP	OCT	NOV	DIC	ACUM	PROM	MESES
1978				33.5	34	36.5	37	37.5	37.5	31	29.5	32.5		34.3	9
1979	31.5	33.5	35.5	35	30.5	29.5	39.5	31	29	33.5	27	25		31.7	12
1980	30	34	35.5	40	36	36.5	35	39	39	34	30	30		34.9	12
1981	32	31	35	35	36.5	34	31	35	29	31	35	32		33	12
1982	35	31.5	32	32	32	31	37	33	39	32.5	32			33.4	11
1983	28	28	33	33	39	38	33	30	30.5	29	32	33		32.2	12
1984	32	33	34	36	35.5	34	31	32	30.5	35.5	31	30.5		32.9	12
1985	32	30.5		33	35.5	36	33	36	33	32	32	30.5		33	11
1986	29	32	33	38	36	32	32	33	32	30.5	33	31		32.6	12
1987	29	34	35.5	34	34	39	30.5	32	31	32	29	34		32.8	12
1988	29	27	35.5	33	30.5	35.5	33	30.5	30.5	29	30.5	31		31.2	12
1989	32.5	32.5	33	38	36	36	31.5	32.5	28	30	32	32		32.8	12
1990	34	35	34	36	37	33	32	34	34	35	33.5	33		34.2	12
1991	36	36	38	38	38	39	33	35	34	33	34	34		35.7	12
1992	35	33	37	38	36	36	35	35	35	34	33	29		34.7	12
1993	30	34	35	37	39	39	39	35	34	34	38	29		35.2	12
1994	30	31	35	35	37	36	38	35	35	35	38	28		34.4	12
1995	30	33	35	36	37	37	36	34	31	31	32	28		33.3	12
1996	39	31	36	36	36	37	34	33	34	31	32	30		34.1	12
1997	31	33	34	35	39	38	36	35	36	34	34	32		34.8	12
1998	36	35	36	37	38	40	37	37	35	37	32	29		35.8	12
1999	31	33	35	35	35	30	29	29	28	27	24			30.5	11
2000							38	36	42	35	35	30		36	6
2001	33	38	36	39	40	39	38	38	37	37	31	31		36.4	12
2002	34	35	38	40	40	39	39	38	38	36	36	31		37	12
2003	30	35	38	40	42	40	39	37	38	36	36	31		36.8	12
2004	33	35	37	40	41	39	41	39	38	37	35	32		37.2	12
2005	36	35	38	40	41	42	40	39	38	37	34	34		37.8	12
2006	35	36	38	41	42	39	38	38	40	37	36	34		37.8	12
2007	33	35	38	41	40	39	39	38	38	39	36	36		37.7	12
2008	35	38	38	41	40	37	35	40	36	33	35	34		36.8	12
2009	32	34	35	34	36	37	36	33	35	36	31	34		34.4	12
2010	34	34	35	38	38	39	34	35	37	34	34	37		35.8	12
2011	33	36	35	39	37	36	34	35	34	34				35.3	10
2012	34	38	35	36	38	36	39	37	34					36.3	9
2013	39	36	39	38	39			37	36	35				37.4	8
2014			38	41	36	35			34	37	34	32		35.9	8
2016	39	35				38	37	36	35	36	33	37		36.2	9
2017	35	40	39	37	37	36	36	36	36	33	33	31		35.8	12
2018	33	36	37	36	37	37	36	34	34	35	34	35		35.3	12
2019	35	36	37	38	39	39	35	36	38	34	35	34		36.3	12
2020	33	36	37	41	38	37	38	35	36		33	34		36.2	11
2021	36	35	38			36	35	34	34	36	32	38		35.4	10
2022	34	36	36	40	37	35	36	35	33	34	34	35		35.4	12
2023	39	40	41	40	42	43	39	39	35	31	30	32		37.6	12
2024	32	32	34	35	36	36	32	32	33	29	29	30		32.5	12
2025	30	33	33	33	35									32.8	5
MÍNIMA	28	27	32	32	30.5	29.5	29	29	28	27	24	25		30.5	5
MÁXIMA	39	40	41	41	42	43	41	40	42	39	38	38		37.8	12
MEDIA	33.2	34.2	36	37.1	37.2	36.8	35.6	35.1	34.7	33.7	32.8	32.1		34.9	11.2
DESV.ST	2.9	2.7	2	2.7	2.7	2.8	3	2.6	3.2	2.7	2.7	2.7		1.9	1.7

TEMPERATURA MÍNIMA PROMEDIO
AÑO	ENE	FEB	MAR	ABR	MAY	JUN	JUL	AGO	SEP	OCT	NOV	DIC	ACUM	PROM	MESES
1978				20.8	21.4	20.5	20.2	20.9	19.8	19.6	20.3	19.5		20.3	9
1979	16.5	17.6	18.8	19.3	19.9	20.1	20.9	20.5	20.7	19.9	17.4	15.9		19	12
1980	18.9	18.9	16.8	19.2	21	22	21.2	22.2	20.9	20.2	20.2	19.3		20.1	12
1981	19.5	18.7	18.9	20.4	21.2	21.5	20.9	19.7	20.4	20.2	20.2	17.6		19.9	12
1982	18.9	20.3	20.3	20.2	20.3	20.3	20	21.1	20.7	20	19.6			20.2	11
1983	19.9	19.5	17.4	19.7	19.8	20.8	21.4	22.2	21	20.6	19.5	18.4		20	12
1984	15.6	16	18.2	20.3	19.9	21.4	20.7	20.9	20.6	20.7	18	17.7		19.2	12
1985	15.9	16.3		18.9	21.3	21.1	20.6	20.7	20.6	21	19	18.4		19.4	11
1986	16.6	17.8	16.5	20.1	20	20.5	20.7	21.3	20.7	19.8	19.1	18.4		19.3	12
1987	15.4	17.1	18.8	19.1	21.7	21.2	20.5	20.5	21.1	18.9	19.2	18.8		19.4	12
1988	19.1	17.9	19.6	19.6	19.8	20.4	20.8	20.5	20.2	18.9	18.8	16.6		19.4	12
1989	17.6	15.6	16.4	18.6	20.1	20.4	19.8	19.6	18.8	18.7	18.6	14.5		18.2	12
1990	16.5	15.9	17.1	19.4	20.4	20.4	19.8	20.2	20.4	19.7	17.5	16.3		18.6	12
1991	16.6	15.3	17.6	19.4	21	21.1	20.3	20.3	20	19.1	15.6	17.1		18.6	12
1992	16.9	17.1	19.6	22	21.9	23.5	22.1	22.1	21.4	19.9	19.6	19.3		20.4	12
1993	18.8	18.2	19.5	22.1	22.8	23.2	22.5	22.3	22	20.6	19.6	19.7		20.9	12
1994	19.2	18.5	19.3	21.7	23	23.3	23	23	22.3	21.2	20.6	19.6		21.2	12
1995	17.9	18.4	20.1	21.8	24.4	22.6	21.9	21.8	21.7	20.8	19.3	19.3		20.8	12
1996	16.3	17.4	18.7	21.2	23.1	22.5	21.5	21.6	22.7	20.6	18.8	18.2		20.2	12
1997	17.8	18.5	21.2	22.1	23.6	23.6	22.9	22.8	22.4	20.2	20.5	16.2		21	12
1998	18.6	18.3	19.4	21.8	23.5	24.5	22.5	22.8	22.3	21.1	20.8	17.9		21.1	12
1999	17.1	18.3	19.7	21.1	20.6	20.2	18.6	19.3	18.1	16.3	14.6			18.5	11
2000							23	23.4	22.4	21.7	21.1	18.3		21.6	6
2001	17.7	19.8	20.7	23.6	24.4	24.2	24	24	23.4	21.5	20.1	20.3		22	12
2002	18.8	18.6	21.6	25	25.9	24.4	24.3	24.3	24.2	23.7	20.2	19.3		22.5	12
2003	17.1	19.9	22.5	23	25.9	24.9	24.3	24.4	24.3	22.6	20.7	17.4		22.2	12
2004	18.3	19.2	22	23.2	23.7	25	23.8	25.1	24.3	24	21.5	18.5		22.4	12
2005	18.8	20.2	22.3	23.5	26.2	25.9	24.5	23.7	24.2	22.9	20.6	20.2		22.8	12
2006	18.9	19.1	21.7	24	25.5	24.5	24.3	24.5	24.5	23.3	20.4	22.6		22.8	12
2007	19.8	19.7	21.2	24.9	24.6	23.6	23.6	24.3	22.7	21.1	20.8	20.1		22.2	12
2008	18.9	20.2	19.4	22.2	23.5	22.2	22.3	22.6	22.1	21.1	19.6	18.3		21	12
2009	17.8	17.5	18	19.1	21.2	21.6	22.5	21.2	21.6	21.5	18.3	18.5		19.9	12
2010	15.4	17.3	18	20.5	22.2	22	21.6	21.2	20.8	19.7	18.4	15.7		19.4	12
2011	16.3	16.8	18.1	20.5	21.6	21.4	21.2	21.5	21.4	20.2				19.9	10
2012	17.7	18.3	19.6	18.7	21	21.1	21.3	22.3	21.2					20.1	9
2013	17.9	19	17.8	19.8	20.5			21.4	21.3	21.3				19.9	8
2014			20.6	20.4	20.1	20.6			20.5	19.2	17.1	18.7		19.6	8
2016	16.1	16				20.7	21	21.1	20.5	20.7	19.1	18.8		19.3	9
2017	16.8	18.3	19.1	19.8	21	20.8	21.2	21	20.4	19.6	18.9	17.9		19.6	12
2018	15.6	18.7	19.4	20.3	21.3	20.6	21.7	20.6	20.8	20.3	18.7	17.3		19.6	12
2019	16.9	17.6	18.2	19.9	21.4	21.3	21.7	21.2	21	20.4	18.7	16.8		19.6	12
2020	17	17.4	19.2	21.1	21.4	21.7	21.6	21.5	20.8		19.3	16.6		19.8	11
2021	17.4	16.8	18.5			20.8	21.3	21.2	21	20.5	19	18.7		19.5	10
2022	17.2	16.5	18.5	20.3	21.2	21	21.7	21	20.7	20	19	15.3		19.4	12
2023	14.2	13.9	15.7	18.4	19.9	19	20.1	22.4	13.8	12.5	10.4	9.5		15.8	12
2024	8.5	7.7	9.9	12.5	13.7	12.7	13.3	12.9	11.9	10.8	10.6	9.6		11.2	12
2025	7.8	9.9	10	10.4	12.3									10.1	5
MÍNIMA	7.8	7.7	9.9	10.4	12.3	12.7	13.3	12.9	11.9	10.8	10.4	9.5		10.1	5
MÁXIMA	19.9	20.3	22.5	25	26.2	25.9	24.5	25.1	24.5	24	21.5	22.6		22.8	12
MEDIA	17.1	17.5	18.7	20.5	21.6	21.7	21.5	21.6	21.1	20.1	18.8	17.7		19.7	11.2
DESV.ST	2.4	2.4	2.5	2.6	2.6	2.1	1.9	1.9	2.3	2.3	2.3	2.4		2.4	1.7

TEMPERATURA MÍNIMA EXTREMA
AÑO	ENE	FEB	MAR	ABR	MAY	JUN	JUL	AGO	SEP	OCT	NOV	DIC	ACUM	PROM	MESES
1978				19	19	19	17.5	19	16	16	18	14.5		17.6	9
1979	8	11.5	15	15	18	17	18	18.5	18	16	12	12		14.9	12
1980	12	14	10	10	14	18	14	18	16	18	18	15		14.8	12
1981	9	11	15	17	18	15	13	15	18	18	15	15		14.9	12
1982	15	18	15	15	18	18	18	19	18	17	15			16.9	11
1983	16	16	8	17	15	18	19	20	20	18	14	10		15.9	12
1984	10	12	13	17	13	20	18	17	19	17	13	12		15.1	12
1985	9	10.5		15	11	18	18	18	18	17	14	12		14.6	11
1986	12	13	12	17	10	18	18	20.5	18	15.5	13	12		14.9	12
1987	8	12	13	13	18	17	19	18	18	15.5	15.5	13		15	12
1988	13	15	15.5	18	18	15.5	19	18	18	16	14	12		16	12
1989	14	10.5	12	16	17	18	18	18	16	13	15	10.5		14.8	12
1990	11	12	13	17	18	19	18.5	18	19	16	13	12		15.5	12
1991	14	10	13	14	18	19	18	18	18	18	12	14		15.5	12
1992	12	14	14	20	15	20	17	20	20	17	15	17		16.8	12
1993	14	14	13	19	21	20	21	20	19	17	11	15		17	12
1994	16	16	16	17	17	18	19	21	19	19	17	18		17.8	12
1995	14	14	14	18	22	19	20	20	20	18	14	16		17.4	12
1996	12	13	14	16	20	21	19	20	19	18	16	14		16.8	12
1997	11	14	18	20	22	22	21	21	21	12	17	9		17.3	12
1998	14	15	15	18	20	22	21	21	20	19	19	14		18.2	12
1999	15	14	16	16	18	17	17	18	15	10	12			15.3	11
2000							22	21	20	19	18	15		19.2	6
2001	15	17	17	22	21	23	22	22	18	18	18	17		19.2	12
2002	15	15	16	23	24	22	22	23	22	22	17	17		19.8	12
2003	16	17	16	16	23	23	23	22	23	18	15	15		18.9	12
2004	16	16	17	19	20	23	20	22	19	22	18	13		18.8	12
2005	15	16	19	20	25	22	23	20	22	20	17	18		19.8	12
2006	14	14	18	21	23	23	22	22	23.5	19	18	21		19.9	12
2007	17	16	16	22	23	22	22	22	21	18	18	18		19.6	12
2008	14	16	14	18	21	19	20	21	20	18	16	14		17.6	12
2009	15	14	14	15	19	20	20	20	19	18	16	16		17.2	12
2010	8	14	12	19	20	20	18	20	18	18	14	11		16	12
2011	12	12	15	17	16	20	18	18	19	18				16.5	10
2012	14	15	16	15	16	19	18	19	19					16.8	9
2013	13	10	13	16	18			18	20	18				15.8	8
2014			18	15	16	20			18	11	12	16		15.8	8
2016	11	13				18	19	18	18	19	16	15		16.3	9
2017	12	14	17	16	18	19	19	19	19	17	15	11		16.3	12
2018	12	16	17	17	19	17	19	19	19	18	10	13		16.3	12
2019	14	14	15	17	19	20	20	19	19	17	15	12		16.8	12
2020	13	11	14	19	19	20	19	20	17		17	12		16.5	11
2021	15	12	16			19	20	20	20	18	11	15		16.6	10
2022	14	10	13	16	19	19	19	19	19	14	13	10		15.4	12
2023	11	9	10	13	15	16	8	16	11	9	7	4		10.8	12
2024	5	2	7	9	7	11	12	12	10	8	7	4		7.8	12
2025	2	5	6	6	9									5.6	5
MÍNIMA	2	2	6	6	7	11	8	12	10	8	7	4		5.6	5
MÁXIMA	17	18	19	23	25	23	23	23	23.5	22	19	21		19.9	12
MEDIA	12.5	13.1	14.2	16.7	18	19.2	18.8	19.3	18.6	16.8	14.7	13.5		16.2	11.2
DESV.ST	3.1	3.1	2.9	3.3	3.9	2.4	2.8	2	2.4	3	2.8	3.4		2.7	1.7

TEMPERATURA MEDIA MENSUAL
AÑO	ENE	FEB	MAR	ABR	MAY	JUN	JUL	AGO	SEP	OCT	NOV	DIC	ACUM	PROM	MESES
1978				26.1	26.2	24.6	24.2	25	25.1	22.9	23.4	23.1		24.5	9
1979	21.1	21.8	23	23.5	23	22.9	24.2	23.2	23.4	23.1	20.6	19.5		22.4	12
1980	22.1	22.5	20.4	23.8	25.4	25.6	24.6	26.2	25.5	23.8	23.4	22.9		23.9	12
1981	23.4	22.6	23.1	24.4	25	25.2	24.4	23.1	23.1	23.5	23.3	22.4		23.6	12
1982	23.4	22.9	23.1	23.1	23.6	23.6	25.9	25	24.3	24.2	23.6			23.9	11
1983	22.6	23	23	25.2	26.6	26.2	25.1	24.9	24	23	22.7	22.4		24.1	12
1984	19.6	21.1	23	26.5	25.6	25.9	24	24.3	23.3	24.1	22.2	21		23.4	12
1985	20.7	20.8		23.1	26.1	25.5	24.3	25.9	24	23.9	22.9	22.4		23.6	11
1986	20.6	23.2	22.8	26.7	26.4	24.2	24	24.7	24.2	24.1	23.6	23		24	12
1987	19.6	22.1	23.6	23.4	25.6	25.2	23.9	24	24.2	22.3	22.4	22.9		23.3	12
1988	22.2	21.1	23.4	23.1	23.2	23.8	24.4	23.7	23.4	21.4	22.4	20		22.7	12
1989	21.1	20.1	22	24	25.5	24.5	23.6	24	22.1	22	22.3	18.8		22.5	12
1990	20	21.8	22	24.5	25.8	24.6	24.1	25.1	25.3	24.4	22.8	21.1		23.5	12
1991	21.9	20.4	24.5	26.8	27.6	26.3	24.4	24.6	24.6	23.7	20.8	22		24	12
1992	21.2	22.2	24.8	27	27.2	28.2	26.9	26.6	25.8	24.2	23.2	22.5		25	12
1993	22.3	22.5	24.6	27.4	28.4	28.4	26.9	26.5	25.9	24.6	23.6	23.1		25.4	12
1994	22.9	23	24.3	25.9	27.2	28	27.5	27.1	26.2	25.1	24.8	23		25.4	12
1995	22	22.9	25.4	26.9	29.3	27	26.6	26	25.2	24.3	23	22.2		25.1	12
1996	20.6	21.7	23.6	26.4	28.2	27.2	25.4	25.4	27	24.2	22.1	21.8		24.5	12
1997	22.1	22.7	26	27	28.5	28.2	27.2	27.8	26.9	24.2	24.2	21		25.5	12
1998	23.1	24	25.1	27.5	29.2	30.2	27.4	28.2	26.6	24.8	24	21.8		26	12
1999	21.8	23.6	26.1	25.3	24	23.8	22.4	23.2	21.5	19.4	17.1			22.6	11
2000							28	27.8	27	25.4	25	22.4		25.9	6
2001	22.4	24.8	27.1	29.5	30	29.1	29.1	28.7	28.2	25.4	24.1	24.1		26.9	12
2002	23.4	23.4	27.8	31	31.8	29.6	29.9	29.5	29.6	28.8	23.8	23.4		27.7	12
2003	21	25.1	28.3	29	32	30.2	29.2	29.6	29.7	27	24.5	21.4		27.2	12
2004	23.2	25.2	27.1	29.4	29.8	29.9	29.8	30.4	29.8	29	25.9	23		27.7	12
2005	23.8	25	29	30	32.3	31.5	30	29.4	29.5	27	24.6	24.9		28.1	12
2006	23.8	24.1	27.6	30.6	32	30	29.6	29.7	29.7	27.9	25	27.1		28.1	12
2007	24	25.2	27.8	31	30.8	30.1	29.4	29.8	27.9	26.4	24.8	25.7		27.7	12
2008	24	26.5	26	28.4	29.1	26.9	26.7	28.3	26.6	24.6	24.6	22.6		26.2	12
2009	22	22.8	23.4	25.5	26.6	26.8	26.9	25.6	26.2	26.6	22.6	23.1		24.8	12
2010	20	22.6	24.2	26.6	28	26.8	26	25.6	25	23.9	23	20.1		24.3	12
2011	22.1	23.4	24.3	27.3	27.4	26.5	25.5	26.4	25.1	23.8				25.2	10
2012	22.4	23.3	24.8	25.2	26.9	26.2	25.9	28.2	25					25.3	9
2013	22.7	24.4	23.5	26.4	26.1			26	25.7	25.4				25	8
2014			27.6	25.9	25.5	24.8			25.3	24.4	22.2	23		24.8	8
2016	21.4	20.6				26.6	26.6	26.8	26.1	24.9	23.2	23.5		24.4	9
2017	22.8	25	24.6	26.2	27.2	26.2	26.1	26.6	25.8	24	23.4	22		25	12
2018	19.3	24.2	25.5	26.1	27.5	26.2	26.5	25.7	26	24.9	23.4	22		24.8	12
2019	21.7	24.3	24	26.4	28.3	27.1	27	27	26.4	25.2	23.4	22.5		25.3	12
2020	22.1	23	25.5	28.4	28	27	27.6	26.4	26		23.2	21.5		25.3	11
2021	21.9	22.8	24.5			26	26.1	25.9	25.6	25.1	22.5	24		24.4	10
2022	22	21.4	24.2	26.8	27.2	25.7	26.4	26.3	24.7	24.3	24.4	22.6		24.7	12
2023	22.8	22	23.8	25.2	25.1	28.6	26.7	28	21.5	19.9	16.6	16.1		23	12
2024	16.5	17	20	21.4	23.6	21.5	20.7	20.4	20	17.2	17.8	16.4		19.4	12
2025	15.1	18	19.1	19.4	22									18.7	5
MÍNIMA	15.1	17	19.1	19.4	22	21.5	20.7	20.4	20	17.2	16.6	16.1		18.7	5
MÁXIMA	24	26.5	29	31	32.3	31.5	30	30.4	29.8	29	25.9	27.1		28.1	12
MEDIA	21.7	22.7	24.5	26.2	27.2	26.6	26.2	26.3	25.5	24.3	22.9	22.2		24.7	11.2
DESV.ST	1.8	1.8	2.2	2.5	2.5	2.2	2.1	2.1	2.2	2.2	1.9	2		1.9	1.7
