COMISIÓN NACIONAL DEL AGUA
COORDINACIÓN GENERAL DEL SERVICIO METEOROLÓGICO NACIONAL
BASE DE DATOS CLIMATOLÓGICA NACIONAL 

ESTADÍSTICA MENSUAL
EMISIÓN   : 13/02/2026 

DATOS DISPONIBLES EN LA BASE DE DATOS A: FEBRUARY DE 2026; 
CON LA INFORMACIÓN SUMINISTRADA POR LAS UNIDADES ADMINISTRATIVAS 

 ESTACIÓN  : 20027 
 NOMBRE    : CHICAPA DE CASTRO 
 ESTADO    : OAXACA 
 MUNICIPIO : JUCHITÁN DE ZARAGOZA 
 SITUACIÓN : OPERANDO 
 CVE-OMM   :   
 LATITUD   : 16.57472222 ° 
 LONGITUD  : -94.80444444 ° 
 ALTITUD   : 32 msnm 


LLUVIA MÁXIMA 24 H.
AÑO	ENE	FEB	MAR	ABR	MAY	JUN	JUL	AGO	SEP	OCT	NOV	DIC	ACUM	PROM	MESES
1949										35.5	0.5	6.4	42.4	14.1	3
1950	0.5	0	0	0	30.4	55.5	145.7	18.5	104.3	138.5	2	2.1	497.5	41.5	12
1951	0	0	0	0	36.5	44	65	29.7	105	19.5	17	10.5	327.2	27.3	12
1952	13	2	19.5	0	23	59	55	36.5	166.5	11	0	0	385.5	32.1	12
1953	0	0	1.3	9	26.7	56.3	101.5	119	28	34.8	0	0	376.6	31.4	12
1954	0	0	0	12.3	52.5	116.6	78.6	20	70	31	0	0.8	381.8	31.8	12
1955	4.5	0	53	0	67	179	79	51	94.7	106.4	5.7	5.5	645.8	53.8	12
1956	7.7	0	0	0	43	71	30	34.3	61.3	1	3	1	252.3	21	12
1957	0	0.4	0.5	1.1	31.2	91	41	8	10	5.4	0	4.5	193.1	16.1	12
1958	3.6	3.2	0	0	0	48	54.5	56.8	112	28	11	0	317.1	26.4	12
1959	0	3	4	0	7.3	129	30	24.1	91	65.4	5.5	0	359.3	29.9	12
1960	0.3	1	1	0	8.3	30	99.5	184.5	113	87.5	13.4	0	538.5	44.9	12
1961	0.7	3.7	6.8	0	5.9	79.7	27.5	4	75.1	8.6	112.5	4.1	328.6	27.4	12
1962	0	0	0	1	37	36	39.5	67.5	38.7	52	0.2	0	271.9	22.7	12
1963	0	2.5	7.5	0	9.4	49.7	50.3	68.1	133	0.5	27.6	0	348.6	29	12
1964	0	0	0	0	0	38	60.5	36.5	42	18	1	3	199	16.6	12
1965	1.7	0	0	0.5	13	50	23	45.8	38.3	32.2	0	0	204.5	17	12
1966	0	0	0	10	20	37	19	76	43.7	14.5	2	0	222.2	18.5	12
1967	0	7	0	9.8	8	60	16.8	48.7	55	2.5	0	1	208.8	17.4	12
1968	0	48	0	1	39	52.5	27	24.5	50	35	3.4	0.8	281.2	23.4	12
1969	25	0.01	1.2	2	0	100.9	33.5	99	67.4	42.7	0.5	46.8	419.01	34.9	12
1970	8	1.6	1.4	0	2.4	47	32.4	64	130	12.5	1.5	0	300.8	25.1	12
1971	0	0.5	4	0	40	68.5	43.5	55	82.5	40.8	0.7	7.5	343	28.6	12
1972	0	0	0.2	6.5	8	69	63	12	67	8.5	25.5	2.5	262.2	21.9	12
1973	4.5	0	0	0	9.5	59.5	46.5	153.3	51	29	20	2.4	375.7	31.3	12
1974	0.5	0	1	2.3	83.5	53	67	40.5	147	3.5	1.5	0	399.8	33.3	12
1975	3.7	0	0	0	26.5	26	43.2	15	75	10.3	15	8	222.7	18.6	12
1976	0.5	0.7	0	34.5	11.5	85.5	42	17.5	27	25	0	1	245.2	20.4	12
1977	1	0	0	0	20	31	5	46.5	49.5	56	23	1	233	19.4	12
1978	3.5	3	2.5	0	73.5	66.5	81.5	45.5	23	12.5	3	4	318.5	26.5	12
1979	0	0	1.5	3.5	10.5	29.5	54.5	72	61.5	31	6	0.5	270.5	22.5	12
1980	1	1	0	27.5	14	87	82	33	154	9.9	0	2	411.4	34.3	12
1981	1	0	0	1	7	90.5	104.5	120	85	18	3	0	430	35.8	12
1982	1	1	0	35.5	120	63	36	0	118.5	37	1.5	1	414.5	34.5	12
1983	0	22.5	12	0	48	65	42	34	42	31.5	16	2	315	26.2	12
1984	0	0	36	0	37	77	88	27.5	111	17.5	1	2	397	33.1	12
1985	0	0		1	8	88	35	84.5	19	14	9	1.5	260	23.6	11
1986	0	0	0	2.5	92	24	29	28	62	17.5	7.5	0	262.5	21.9	12
1987	0	7.5	3	0	11	60	45	25	38.5	0	34.5	0	224.5	18.7	12
1988	1.5	0	0	0	5.5	135	50	75	100	2.5	9.5	0.5	379.5	31.6	12
1989	0.5	0	0	0	29.5	49	45	35.5	83.5	2	1.5	1.5	248	20.7	12
1990	0.01	1.5	1.5	5.5	71.5	41.5	43	42	72.5	5.5	7.5	0.01	292.02	24.3	12
1991	0	0	0	0	35.5	102.5	39	33.5	80.5	85	0	0	376	31.3	12
1992	4.5	6.5	0	19.5	18	60	55.5	38.5	25.5	55	10	2	295	24.6	12
1993	38	0	8.5	0	37	99	75	37	91.5	65.5	0.1	0	451.6	37.6	12
1994	0	0	0	0	8	23	27.5	59	10.5	48.5	1.5	1.5	179.5	15	12
1995	23	20	6	45.5	34	53	70	157	63	76	0	10.5	558	46.5	12
1996	1.5	0	0.1	27	65.5	75	126	50	160	123.5	3.5	1	633.1	52.8	12
1997	6	0	4.5	22.5	19.5	46	44	60	46	93	145	21.5	508	42.3	12
1998	0	0	0	0	1.5	65	52.5	52.5	85	26	19	0	301.5	25.1	12
1999	0	1	0	0	33	91	87	80	217	42.5	0.01	0.01	551.52	46	12
2000	0	0.01	17	25.5	112	48	16.5	77.5	61.5	26	8	1	393.01	32.8	12
2001	1.5	0	2.5	0.01	53	113	56	45.5	35.5	36.5	6.5	0	350.01	29.2	12
2002	0	0	3.5	0	26.5	130.5	42	22	95	66.5	49.5	0	435.5	36.3	12
2003	0	0	0.01	0.01	24	75	100	65	85.5	102	1	0.01	452.53	37.7	12
2004	0	0	23	4	28	32	48	60	42	47.5	0.01	0	284.51	23.7	12
2005	1	0	0	16	4	54	66	62	48	80	0.01	0.01	331.02	27.6	12
2006	0	0.01	0	14	2	23	30	71	49	75	12	0	276.01	23	12
2007	0	0.01	0	16.5	0	40	136	37	49	94	0	0	372.51	31	12
2008	0.01	0.01	6	0	1	103	100	27.5	150	100	15	0	502.52	41.9	12
2009	0	0	0	0	48.5	90	60	57	105	78	0.01	4	442.51	36.9	12
2010	0	0	0	10	29.5	83	39	68	191.5	0.5	0.5	0	422	35.2	12
2011	1.5	0	19.5	30	8.5	183.5	47	62	150.5	7.5	0.5	0.01	510.51	42.5	12
2012	0.01	0	0.2	0	20.5	122	6.5	29	37.5	6	0.1	2	223.81	18.7	12
2013	0.01	0.01	0.01	17	30	42.5	19	78.5	117	11.5	4	5	324.53	27	12
2014	0.01	0	23.5	2.5	23	60.5	11	35.5	47	50	3.5	7.5	264.01	22	12
2015	0.01	0.01	4.5	5.3	15.5								25.32	5.1	5
2016												6.5	6.5	6.5	1
2017	1	0.3	6.5	4.5	78	99.9	64	60	44.6	64.7	0.1	0.01	423.61	35.3	12
2018	4.5	0	0.01	28	17.6	96	20	7.8	60.8	83.7	10	6.5	334.91	27.9	12
2019	1.8	2.8	0.01	2.2	28.6	53.7	65.7	49.7	165.5	150	0.1	0.01	520.12	43.3	12
2020	1.4	29.9	0.01	34.4	31.3	117.9	47.2	103.6	32.7	40.1	3.8	0.01	442.32	36.9	12
2021	0.01	0.6	0.01	23	38.9	78	29.4	79.7	261.3	18.2	0.01	0.01	529.14	44.1	12
2022	0.01	19.1	0.01	0	107.2	34.2	30.2	67.6	96.5	42.8	6.4	0.01	404.03	33.7	12
2023	4.5	0.01	1.4	0.7	30.8	64.3	32.5	7	33.1	43.2	3.3	0.01	220.82	18.4	12
2024	23	6	0.01	1.4	11.4	140	40	23	40.1	91.5	26.8	0.01	403.22	33.6	12
2025	21.3	0.4	0.4	0.5	28	70.6	19.7	99	30.4	101.9	2.2	3	377.4	31.4	12
2026	0.5												0.5	0.5	1
MÍNIMA	0	0	0	0	0	23	5	0	10	0	0	0	0.5	0.5	1
MÁXIMA	38	48	53	45.5	120	183.5	145.7	184.5	261.3	150	145	46.8	645.8	53.8	12
MEDIA	2.9	2.6	3.9	6.9	29.8	71.2	52.1	53.3	79.8	42.5	9.7	2.6	340.2	28.6	11.5
DESV.ST	6.8	7.5	8.8	11.1	27.2	34.5	29.3	35.1	49.7	36.1	22.1	6.2	129.3	10.2	2.1

LLUVIA TOTAL MENSUAL
AÑO	ENE	FEB	MAR	ABR	MAY	JUN	JUL	AGO	SEP	OCT	NOV	DIC	ACUM	PROM	MESES
1949										96.8	2.7	6.4	105.9	35.3	3
1950	0.5	0	0	0	156.9	223	382.4	34	406.4	347.2	2.4	2.1	1554.9	129.6	12
1951	0	0	0	0	144.2	172.9	113.3	60.8	227.1	27	17	12.5	774.8	64.6	12
1952	15.5	2	20	0	49.5	299.2	127.1	146.8	373	38.6	0	0	1071.7	89.3	12
1953	0	0	2.3	10.2	42.2	184	142.1	194.6	48.1	68.7	0	0	692.2	57.7	12
1954	0	0	0	20	73.6	397.2	201.9	27.7	182.5	65	0	0.8	968.7	80.7	12
1955	5	0	53	0	69.5	275.5	391.1	194.9	468.7	145.6	7.4	7	1617.7	134.8	12
1956	9.5	0	0	0	148.8	184	90.3	111.3	142.5	1.9	4.4	1	693.7	57.8	12
1957	0	0.4	0.8	2.3	71	290.5	93	22.2	72.5	10.8	0	4.5	568	47.3	12
1958	11.9	3.4	0	0	0	223.9	216.2	149.4	401.7	44.6	11	0	1062.1	88.5	12
1959	0	5.5	4	0	9.7	434.6	90.4	114.7	162.7	300.9	6.7	0	1129.2	94.1	12
1960	0.3	1.5	1	0	10.8	80.4	296.5	362.9	210.2	235.8	15.1	0	1214.5	101.2	12
1961	0.7	3.7	8.6	0	11.3	355.9	120.4	13	159.2	21.7	381.2	4.1	1079.8	90	12
1962	0	0	0	2.9	54.4	238.4	108.9	287.7	140.5	101.5	0.2	0	934.5	77.9	12
1963	0	2.5	7.5	0	12.9	111.4	248.8	94.9	255.7	1	33.3	0	768	64	12
1964	0	0	0	0	0	174.1	262.6	105.4	160.9	50.5	1	4.2	758.7	63.2	12
1965	1.9	0	0	0.5	26.3	253.8	58	108	143.6	84.4	0	0	676.5	56.4	12
1966	0	0	0	19	73.8	149.8	69.6	245.3	178.1	87.6	2	0	825.2	68.8	12
1967	0	7	0	18.1	12.5	318.6	38	118.5	263.2	4.9	0	2	782.8	65.2	12
1968	0	48.4	0	1	93.2	158.9	87.8	64	229.7	76.2	7.6	0.8	767.6	64	12
1969	25	0.01	1.73	2.9	0	174.7	139.76	484	260.4	66.2	0.5	50.1	1205.3	100.4	12
1970	12	1.6	2.4	0	5.3	187.9	154.2	256.8	466.8	37	1.5	0	1125.5	93.8	12
1971	0	0.5	4.2	0	78.8	221	70.5	240.7	300.4	124.8	0.7	20.5	1062.1	88.5	12
1972	0	0	0.2	16	31.4	263.8	106.2	24	168.1	13.3	38.9	2.5	664.4	55.4	12
1973	4.5	0	0	0	39	236	203.4	416.5	290.5	113.1	23.2	3.4	1329.6	110.8	12
1974	0.5	0	1.5	2.3	200.6	305	213.5	52.7	392.9	7	1.5	0	1177.5	98.1	12
1975	3.7	0	0	0	80.8	171.1	126.3	47.4	343.8	42.4	17.5	12.7	845.7	70.5	12
1976	0.5	0.7	0	34.5	12	259.5	63.8	67.8	68.8	37.5	0	1	546.1	45.5	12
1977	1	0	0	0	57	121.5	8	75.5	108.1	107.5	31	1	510.6	42.5	12
1978	8	6	2.5	0	108.5	192	240	78.1	160.5	28	3.5	4	831.1	69.3	12
1979	0	0	1.5	6	14	99	210	245.5	410	62.5	7.5	0.5	1056.5	88	12
1980	1	2	0	28.5	30.5	118.5	231.55	151.9	383	10.9	0	3.5	961.35	80.1	12
1981	1	0	0	1	16.5	447.5	204.5	416	134	66	4	0	1290.5	107.5	12
1982	1	1	0	44.5	189	166	71	0	192.5	79.5	1.5	1	747	62.2	12
1983	0	33	14.5	0	83	184	74	118	146.5	55.5	16	2.51	727.01	60.6	12
1984	0	0	36	0	120.5	198	248.5	126.5	318	38.5	1.5	2	1089.5	90.8	12
1985	0	0		1	18	206	103.5	269	57	26	11.5	1.5	693.5	63	11
1986	0	0	0	2.5	207	69.5	89	100	181.5	52	8.5	0	710	59.2	12
1987	0	9.5	3	0	13.5	264.5	130	68.5	140	0	34.5	0	663.5	55.3	12
1988	1.5	0	0	0	5.5	504.5	159.5	393	290.5	3.5	10	1.5	1369.5	114.1	12
1989	0.5	0	0	0	38.5	203	151.5	191	330	4.5	3	1.5	923.5	77	12
1990	0.01	1.5	1.51	5.52	186.01	196.5	128.02	56.5	128.55	17.6	9.05	0.01	730.78	60.9	12
1991	0	0	0	0	75	442	86	119.01	152	111	0	0	985.01	82.1	12
1992	4.5	7.5	0	21.5	22	206.5	147.1	148.5	107.5	102.5	14	2	783.6	65.3	12
1993	40.5	0	8.5	0	37	460	202	147	269	170.5	0.1	0	1334.6	111.2	12
1994	0	0	0	0	15.5	65	55.5	150.5	25.5	226.56	4.5	2.5	545.56	45.5	12
1995	42.5	20	6	46.5	145	133.5	193	860	215	149	0	21	1831.5	152.6	12
1996	3.5	0	0.1	29	202.9	108	494.5	168	267	192	10	1	1476	123	12
1997	12.5	0	4.5	44	20.5	96.5	81	88	92	372.5	155.5	35	1002	83.5	12
1998	0	0	0	0	1.5	108	177	161	610.1	105	55.5	0	1218.1	101.5	12
1999	0	2	0	0	37.53	196.1	342.54	262.07	737.57	162.57	0.01	0.01	1740.4	145	12
2000	0	0.04	17	33.52	243.07	203.13	52.55	233.55	198.57	28.56	16.01	2.01	1028.01	85.7	12
2001	1.5	0	2.5	0.02	69	311.51	126.55	90.05	200.01	108.52	18.52	0	928.18	77.3	12
2002	0	0	3.5	0	55.51	438.01	173.5	56	370.04	128.03	82.03	0	1306.62	108.9	12
2003	0	0	0.01	0.01	40.03	481.51	295.53	126.07	359.53	163.02	1	0.01	1466.72	122.2	12
2004	0	0	23	6.51	49.01	124.54	158.53	105.51	112.53	123	0.02	0	702.65	58.6	12
2005	1.01	0	0	16	5.04	148.53	132.55	253.02	77.01	164.54	0.02	0.01	797.73	66.5	12
2006	0	0.01	0	15	4.51	52.06	127.51	177.5	172.53	152.02	14	0	715.14	59.6	12
2007	0	0.01	0	17.5	0	123	304.03	238.53	112.03	148.5	0	0	943.6	78.6	12
2008	0.03	0.02	9	0	1	328.01	311.52	125.02	417.51	135.52	17.01	0	1344.64	112.1	12
2009	0	0	0	0	172	313	158.02	155.52	211.53	130.01	0.03	10.01	1150.12	95.8	12
2010	0	0	0	10	34	342.52	280.34	435.55	529.02	0.5	0.51	0	1632.44	136	12
2011	1.5	0	21.5	48.02	25.01	509.82	169.13	230.81	367.4	21.42	1	0.01	1395.62	116.3	12
2012	0.02	0	0.2	0	35.35	508.91	25.81	117.83	115.12	7.02	0.15	2.64	813.05	67.8	12
2013	0.06	0.01	0.02	20.6	68.13	160.7	92.83	168.94	616.13	25.71	7.75	5.33	1166.21	97.2	12
2014	0.06	0	23.54	4.83	40.94	227.02	16.14	95.11	191.6	176.02	3.93	7.63	786.82	65.6	12
2015	0.04	0.01	4.5	5.8	31.32								41.67	8.3	5
2016												8.54	8.54	8.5	1
2017	1.83	0.3	8.11	8.5	219.7	325.22	159.62	212.6	225.03	96.15	0.13	0.03	1257.22	104.8	12
2018	4.81	0	0.02	30.21	33.92	311.91	45.31	36.53	116.42	248.76	10.44	12.33	850.66	70.9	12
2019	1.87	2.82	0.02	2.32	93.11	168.72	156.02	195.81	261.92	370.41	0.18	0.02	1253.22	104.4	12
2020	1.57	41.36	0.01	42.82	67.04	270.54	171.12	223.21	106.72	50.54	6.55	0.04	981.52	81.8	12
2021	0.08	0.86	0.05	37.81	165.7	269.62	52.26	247.13	464.3	33.78	0.03	0.02	1271.64	106	12
2022	0.09	22.39	0.02	0	151.52	146.83	91.22	181.04	297.03	115.63	7.68	0.05	1013.5	84.5	12
2023	7.27	0.06	1.42	0.71	37.43	208.94	92.71	26.64	93.65	120.62	5.95	0.14	595.54	49.6	12
2024	43.36	8.25	0.02	2.22	16.07	399.91	86.04	43.36	161.55	208.32	40.35	0.04	1009.49	84.1	12
2025	34.46	0.49	0.44	0.56	69.05	311.25	63.63	167.97	153.62	136.59	2.38	3.29	943.73	78.6	12
2026	0.59												0.59	0.6	1
MÍNIMA	0	0	0	0	0	52.06	8	0	25.5	0	0	0	0.59	0.6	1
MÁXIMA	43.36	48.4	53	48.02	243.07	509.82	494.5	860	737.57	372.5	381.2	50.1	1831.5	152.6	12
MEDIA	4.1	3.2	4.1	8.8	65.1	240.8	153.9	167.3	242	97.2	15.9	3.5	956.8	80.3	11.5
DESV.ST	9.6	8.8	9	13.8	63.5	116.3	94.8	134.2	145	87	48.1	7.9	365.1	29.3	2.1

EVAPORACIÓN MENSUAL
AÑO	ENE	FEB	MAR	ABR	MAY	JUN	JUL	AGO	SEP	OCT	NOV	DIC	ACUM	PROM	MESES
1949										171.3	261	243.7	676	225.3	3
1950	236.7	249.8	286.5	283	255.2	205.3	186.7	229.3	179.2	145	207.7	202.5	2666.9	222.2	12
1951	205.2	201.1	232.5	208.8	186.3	194.1	205.7	228.6	170.7	202.1	176.8	184.7	2396.6	199.7	12
1952	222.5	219.3	251	281.5	246.5	144.3	192.8	182.7	143	206.2	190.6	222.4	2502.8	208.6	12
1953	248.3	228.6	271.6	260.9	255	201.7	221.3	243.7	190	210.3	222.3	246.4	2800.1	233.3	12
1954	253.5	249.7	273.9	287.8	262.6	175.2	192.7	232.8	174.7	181.8	229.9	228.4	2743	228.6	12
1955	232.2	242	260.4	265.9	309.4	220.1	162	189.8	124.1	158.5	164.5	180.1	2509	209.1	12
1956	196.6	221.3	277.9	268.1	241.1	174.1	216.8	241	192.5	225	216.2	204.8	2675.4	222.9	12
1957	232.9	241.9	264.3	263.8	268.7	177.9	237.1	273	211.4	246.9	233.7	246.9	2898.5	241.5	12
1958	215.3	238.5	266.4	283.1	303.4	233	199.2	223.5	170.1	198.7	202.8	213.4	2747.4	228.9	12
1959	216.4	231.1	284.3	297.9	292.2	164.1	213.5	201.2	178.5	148.2	194.3	218.9	2640.6	220.1	12
1960	230.3	233.4	288.1	306	290.7	195.3	201	193.1	191.7	171.3	199.1	228.2	2728.2	227.3	12
1961	242.2	226.7	256.4	295	259.7	189.8	211	264	181.6	258.3	198.5	201.6	2784.8	232.1	12
1962	239.7	229.3	286.3	295	344.8	162.6	255.6	231	177.7	188.8	237.1	244	2891.9	241	12
1963	241.4	244.8	330.3	291.5	337.6	216.7	179.7	239.2	182.4	254.8	231.2	242.4	2992	249.3	12
1964	248.3	239.3	307	287.2	305.7	167.9	174.5	199.7	166.3	227	240.2	223.1	2786.2	232.2	12
1965	248.6	243.3	287.8	283	282.6	200.2	276.2	240	215.6	211.3	257.2	275.4	3021.2	251.8	12
1966	278	263.2	263.7	171.1	232.4	205.5	201.4	192.8	130.3	159.6	235.1	215.9	2549	212.4	12
1967	235.4	225.4	284.6	270.5	299.4	178.3	248.2	200.5	159.8	211.2	217.9	200.3	2731.5	227.6	12
1968	267.9	256.7	262	259.8	224.6	185.3	235.4	245.1	181.9	191.6	200.3	209.7	2720.3	226.7	12
1969	230.3	227.62	278.67	266.01	329.1	223.3	212.03	118	139.2	160.9	226.5	195.8	2607.43	217.3	12
1970	208.7	242.3	256.5	259.5	305.7	220.2	181	135.3	127	167.9	183.8	202.3	2490.2	207.5	12
1971	199.9	209.5	253.7	257.1	229	179.7	210.1	163.8	134.4	162.2	174.4	183.4	2357.2	196.4	12
1972	212.1	245.4	282.7	267.4	262.4	176.8	230.5	245.4	222	224	183.8	216	2768.5	230.7	12
1973	214.2	228	253.5	252.1	247.2	179.9	189.6	160	140.7	153.7	175.1	185.5	2379.5	198.3	12
1974	202.9	200.5	225.8	266.4	195	130.7	180.5	210.3	128.7	189.9	193	186.1	2309.8	192.5	12
1975	186.2	190.9	251.6	254.7	183.1	137.8	158.7	203.9	161.3	172.2	189.4	175.8	2265.6	188.8	12
1976	190.3	229.4	237.7	263.3	251.3	203.5	196.8	231.3	198.4	210.4	193.5	194.5	2600.4	216.7	12
1977	195.5	214.3	268.8	309.6	247.1	224.3	289.7	228.3	184	193.6	173.1	191.1	2719.4	226.6	12
1978	213.3	201.6	292	280.7	251.9	182.3	172.7	199.4	129.7	161.6	175.8	166.5	2427.5	202.3	12
1979	192.4	211.5	258.2	254.6	263.4	232.9	181.9	204.3	138.2	171	167.7	169.3	2445.4	203.8	12
1980	196.3	190.9	238.8	243.3	219	229.3	235.48	160.4	157.1	201.5	202.8	217.3	2492.18	207.7	12
1981	212.1	210.5	251.7	287.5	248.4	163.2	156.9	160.2	162.1	168	195.8	187.7	2404.1	200.3	12
1982	202.9	209.5	237.9	223.2	218.3	157.6	211.5	272.6	196.9	152.9	189.4	193.2	2465.9	205.5	12
1983	212.6	189.9	230.9	225.5	214.3	178.7	225.8	241.4	150.5	205.7	164.8	193.43	2433.53	202.8	12
1984	192.1	191.1	171.9	151	180.5	182.4	156.6	168	135.6	161.8	160.9	163.4	2015.3	167.9	12
1985	176.2	160.5		191.2	179.5	167.9	156	185.7	195.2	172.3	165.2	173.8	1923.5	174.9	11
1986	176.1	134.5	171.5	181.8	195.1	189.4	185.5	154.4	163.1	146.5	144.4	154	1996.3	166.4	12
1987	155.1	136.1	163.7	196.2	187.6	181	180.8	163.8	173.9	159	165.4	150.5	2013.1	167.8	12
1988	154.4	147.4	166.1	159.1	168.4	174.7	161.7	157.4	154.4	136.5	159.6	158.2	1897.9	158.2	12
1989	182	182.4	177.6	175.5	193.4	183.4	224	182	182	180.5	154.3	137.4	2154.5	179.5	12
1990	162.63	150.36	166.15	181.6	200.09	182	185.86	171.2	158.44	170.71	172.03	172.32	2073.39	172.8	12
1991	171.46	163.89	182.03	159.62	204.13	169.04	181.88	170.96	175.07	163.9	151.7	154.2	2047.88	170.7	12
1992	157.9	170.11	173.43	174.63	192.41	168.45	175.3	187.9	165.76	177.74	171.03	161.97	2076.63	173.1	12
1993	169.7	147.61	183	177.15	182.41	131.06	166.7	177.04	150.8	161.17	169.08	174.75	1990.47	165.9	12
1994	172.4	165.96	182.7	189	197.1	200.92	150.1	225.9	189.59	186.37	178.1	192.3	2230.44	185.9	12
1995	191.3	177.7	194.5	189.6	151.7	155.6	152.5	128.7	144.5	145.5	168.7	188.1	1988.4	165.7	12
1996	204.8	186.6	178.2	184.1	181.1	177.9	185.5	176.9	161.9	168.8	185.4	190.1	2181.3	181.8	12
1997	192.8	184.2	207.1	93.5									677.6	169.4	4
1998									113.8	81.6	35.5		230.9	77	3
2000					12	124.82	175.76	156.84	154.86	186.97	189.3	212.84	1213.39	151.7	8
2001	198	175.04	195.28	193.82	193.64	166.12	196.81	194.32	157.24	173.86	188.01	203.17	2235.31	186.3	12
2002	208.06	190.77	223.35	221.32	207.26	128.73	184.11	206.47	144.69	169.05	195.56	215.61	2294.98	191.2	12
2003	206.6	185.02	210.75	210.2	102.16	144.02	174.8	180.77	133.61	153.45	67.16	219.87	1988.41	165.7	12
2004	215.72	201.81	209.93	230.78	115.95	196.22	205.62	231.54	197.89	211.84	216.7	154.89	2388.89	199.1	12
2005	250.55	222.48	270.8	292.91	151.34	212.17	212.28	229.93	239.8	188.25	244.81		2515.32	228.7	11
2006	255.13	250.97	290.83	270.05		246.1	258.38	247.65	205.73	190.17	233.47		2448.48	244.8	10
2007	271.56	229.43	287.92	287.33		243.79	213.59	178.48	192.87	187.32	230.33		2322.62	232.3	10
2008	236.38	226.83	248.37	273.79		152.15	173.47	182.79	124.9	173.2	164.28	209.75	2165.91	196.9	11
2009	243.31	233.8	282.63	260.21	228.52	150.08	202.62	217.05	183.6	168.95	176.75	161.4	2508.92	209.1	12
2010	188.02	198.44	240.46	242.99	267.11	198.19	145.45	108.07	111.37	182.12	184.41	211.23	2277.86	189.8	12
2011	171.22	185.95	220.76	197.54	207.35	174.28	133.02	144.3	121.54	119.74	156.78	168.03	2000.51	166.7	12
2012	162.12	174.14	225.6	231.86	236.37	121.77	194.41	133.11	118.03	110.11	128.02	111.95	1947.49	162.3	12
2013	128.72	177.77	239.21	234.66	202.83	145.36	199.79	214.67	87.8	147.21	177.53	64.58	2020.13	168.3	12
2014	211.37	195.32	235.61	256.3	228.99	153.62	256.83	232.53	127.6	134.52	158.97	163.48	2355.14	196.3	12
2015	154.63	180.35	249.63	267.72	272.6								1124.93	225	5
2016												165.98	165.98	166	1
2017	196.55	200.06	284.14	284.97	176.22	125.35	171.52	145.87	115.58	139.4	196.28	201.73	2237.67	186.5	12
2018	205.76	197.84	258.08	298.96	309.02	151.88	239.82	245.53	180.19	148.57	170.66	188.74	2595.05	216.3	12
2019	238.94	213.72	324.33	266.3	241.04	184.99	246.21	187.65	192.71	133.69	157.12	174.85	2561.55	213.5	12
2020	192.34	201.4	249.61	235.82	225.65	165.5	169.2	155.41	134.88	161.49	140.48	163.02	2194.8	182.9	12
2021	175.15	190.96	278.18	244.87	211.13	114	180.66	142.55		122.82			1660.32	184.5	9
2022	162.61	172.16	224.54	241.51	235.09	116.33	121.98	165.73	65.97	69.62	113.54	140.83	1829.91	152.5	12
2023	154.5	183.62	218.67	217.91	254.92	161.14	170.82	221.76	178	143.28	151.84	166.25	2222.71	185.2	12
2024	203.7	198.2	236.44	260.77	223.61	106.06	173.55	203.7	117.74	133.56	143.78		2001.11	181.9	11
2025	208.94	227.14	273.27	296.06	246.53								1251.94	250.4	5
MÍNIMA	128.72	134.5	163.7	93.5	12	106.06	121.98	108.07	65.97	69.62	35.5	64.58	165.98	77	1
MÁXIMA	278	263.2	330.3	309.6	344.8	246.1	289.7	273	239.8	258.3	261	275.4	3021.2	251.8	12
MEDIA	206.4	205.5	244.4	243	229.4	176.5	195.8	196.6	160.6	172.6	184.1	190.4	2232.3	199.3	11.1
DESV.ST	32	30.6	40.7	45.7	56.3	32.4	33.4	38.5	32.6	34.6	38.4	34	571.3	30	2.4

TEMPERATURA MÁXIMA PROMEDIO
AÑO	ENE	FEB	MAR	ABR	MAY	JUN	JUL	AGO	SEP	OCT	NOV	DIC	ACUM	PROM	MESES
1949										30.4	28.5	28.8		29.2	3
1950	29.7	29.7	32.5	33.2	33.8	31.7	30.8	31.9	31.4	28.8	28.3	28.4		30.9	12
1951	29.4	28.6	33.8	35.5	35.4	32.7	31.8	33.4	31.6	30.2	29.2	31		31.9	12
1952	29.2	30.7	33.1	33.5	34.2	31.7	30.6	31.9	30.7	27.5	29.5	28.5		30.9	12
1953	29.4	30.1	32.8	34	34.2	33.5	33	33.8	32.4	30	28.8	27.6		31.6	12
1954	28.8	30	30.7	33.6	34.4	32	31.8	33	32	29.6	29	27.7		31	12
1955	28.6	28.8	32	33.9	35	32.9	30.1	31.9	28.8	28.5	29.4	27.8		30.6	12
1956	28.1	30.9	31.4	33.8	32.8	30.8	31.3	33	30.7	31.4	28	27.4		30.8	12
1957	29.2	30.6	31.5	33.9	34.5	32.4	32.2	33.4	32.8	31.8	30.9	27		31.7	12
1958	25.7	28.8	32	34.1	35	32.7	31.4	32.9	31.6	30.8	30.1	26.5		31	12
1959	27	30.8	30.5	32.8	35.7	32	31.6	32.2	31.3	30.3	27.4	27.3		30.7	12
1960	28.1	28.5	30.3	33.1	34.3	33.5	31.2	31.5	30.4	30.6	28.4	26.7		30.6	12
1961	25.5	28.9	31.9	33.5	34.6	31.9	30.8	33.2	31.1	30.1	27.7	28.5		30.6	12
1962	26.3	31.2	30.7	31.5	34.2	31.5	31.9	33.1	31	30.1	29.8	28.3		30.8	12
1963	27.9	29.2	32	35.2	35.4	35.6	32.5	32.2	31.3	29.8	29.1	26.3		31.4	12
1964	27.1	29.1	32.7	33.7	34.4	31.6	30.9	32.6	32.1	29.4	30.2	27.8		31	12
1965	27.9	29.7	31.1	34.3	35.6	32.8	31.8	31.7	32.5	28.6	29.8	28.6		31.2	12
1966	27.1	28.2	30	34.6	34.8	33.5	32.8	32.1	30.4	29.1	28.2	27.7		30.7	12
1967	27.3	28.8	32	34.5	34.9	32.5	32.2	32.7	30.5	28.8	29.1	29.3		31	12
1968	27	27.8	29.2	33.9	34	32.4	31.6	32.8	31.4	30.3	30.4	28.6		30.8	12
1969	29.1	31	29.9	35.1	34.9	34.7	33.1	30.3	29.7	30.1	27.9	28.9		31.2	12
1970	27.4	27.7	31.6	34.3	34.5	32.5	31	31.2	29.9	29.9	27.2	29.1		30.5	12
1971	28.7	30.8	32	31.7	34.1	33.5	31.9	31	30.7	30.7	29.6	30.1		31.2	12
1972	29.9	30.2	33.3	34.5	35.1	31.9	31.2	32.2	33	32.2	31.6	28.9		32	12
1973	27.8	27.7	34.1	32.9	34	32.9	31.7	30	30.1	29	30.1	27.7		30.7	12
1974	29.8	29.1	33.5	33.4	33.8	29.8	30.5	32.1	30.8	28.2	28.9	28.8		30.7	12
1975	27.8	30.7	33.5	34.7	34.7	31.5	32	32.6	30.2	29.2	29.2	27.3		31.1	12
1976	26.1	28.6	33.2	34.5	34.5	32.8	32.2	32.2	32.4	31.2	27.7	26.9		31	12
1977	28.2	27.7	32.4	32.8	35.5	34	33.7	34.9	34.2	31.1	30.3	29.5		32	12
1978	28.2	28.8	31.1	34.5	35.2	31.5	31.7	32.7	30.1	28.9	30.1	29.8		31	12
1979	28.2	29.8	32.1	34.7	34.8	32.5	32.7	32	28.8	30.1	27.1	26.7		30.8	12
1980	29.8	27.8	32.8	31.8	35.8	33.3	33.1	30.8	30.9	30.2	27.8	26.4		30.9	12
1981	26.9	27.5	32.5	34.3	35.3	30.8	31.1	30.7	30.1	30.4	30.2	30.1		30.8	12
1982	30.5	30.2	33.3	35.1	34.4	32.9	32.6	34.3	33.2	29.7	30.6	29.1		32.2	12
1983	28.5	29.9	32.1	34	36.5	34.7	33.6	34.3	31.5	31.7	32.6	29.6		32.4	12
1984	27.4	29.4	31.5	34	33.5	32	30.7	31	29.2	31.2	30	29.8		30.8	12
1985	27.7	29.5		33.8	35.5	33.2	32.4	32	32.4	32.5	31.3	29		31.8	11
1986	27.3	31.3	30.1	35	33.9	31.8	32.3	32.9	31.8	30.4	30.6	28.3		31.3	12
1987	27.7	29.8	31	31.7	35.1	33.1	32.5	32.7	33.4	30.7	29.9	29.1		31.4	12
1988	26.9	28.8	31.6	34.2	35.5	33	31.4	30.4	29.6	28.1	30.1	27.9		30.6	12
1989	29.3	29.1	30.1	34	34.6	32	32.4	28.7	28.6	30	30.8	26.7		30.5	12
1990	28.2	30	31.3	34.5	34.5	31.8	31.5	33	31.9	31.6	29.6	27.7		31.3	12
1991	30	29	32.8	35	35.6	33.2	31.8	33.9	31.2	29.8	28.1	27.4		31.5	12
1992	26.9	29.1	32.6	33.9	34.5	33.2	32.2	31.7	31.5	31.4	29.1	29.6		31.3	12
1993	28.6	30.3	32.1	34	35.2	31.8	31.3	32.4	32	30.5	28.1	27.7		31.2	12
1994	27.5	29.4	31.4	33.4	35.2	34.1	34.4	32.8	32.8	31.3	32	29.8		32	12
1995	28.8	30.1	32	33.5	33.7	32.8	32.6	32	32.7	31.1	30.2	28.7		31.5	12
1996	28	30.1	30.7	33.1	34.2	34	32.7	33.3	34	31.5	28.7	28.4		31.6	12
1997	28.5	29.1	32.7	32.6	34	34.4	34.5	35.4	34.6	30.6	31.1	29.7		32.3	12
1998	30.5	32.9	31.7	33.6	37.1	37.5	35.1	35.1	29.3	30.5	30.9	28.8		32.8	12
1999	30.1	31.3	33.8	35	36.5	35.2	32.6	32.6	31.3	28.9	27.7	26.8		31.8	12
2000	28.4	30.6	35	35.2	34.8	33	33.8	33.3	32.3	30.9	31.4	28.7		32.3	12
2001	29	30.3	33.1	35.5	36.2	34.8	36.5	36.5	32	30.9	31.6	30.2		33	12
2002	31.1	29.1	33.1	37	38	32.9	34.3	35.6	33.5	33.1	30.6	30.1		33.2	12
2003	28.6	33.1	34.6	35.5	36.6	33.1	33.7	36.2	36.1	32.3	30	28.8		33.2	12
2004	30.6	32.3	35.1	36.6	36.3	36.2	37.4	36.8	35.8	35.7	33.9	31.1		34.8	12
2005	29.9	30.3	33.6	34.3	37.2	35.4	34.7	32.9	32.6	31.2	30	28.8		32.6	12
2006	27.2	29.3	31.3	33.2	33.6	31.6	31.6	32.2	31	29.9	28.6	27.5		30.6	12
2007	28.5	30.4	31.6	32.4	33.6	33.3	32.5	31.4	32.1	30.9	30.9	30.8		31.5	12
2008	29.1	30.6	30.4	32.7	32.6	30	30.6	31.5	30.1	29.8	28.6	29.3		30.4	12
2009	28.5	29.4	30.5	32.1	32.7	30.4	29.9	30.2	29	28.6	23.9	23.3		29	12
2010	21.1	22.9	25	28.3	31.1	27.7	25.8	25.5	29.7	31	30.3	27.3		27.1	12
2011	29.8	29.5	32.1	34.7	35.3	34	32.5	34.1	31.9	30.9	30.4	29		32	12
2012	29.2	30.4	33.9	35.7	36.8	33.5	34.6	33.7	34	32.5	31	32.4		33.1	12
2013	30.5	34.2	32.6	36.2	36.1	35.1	35.1	34.8	32.6	33.6	30.7	29.9		33.5	12
2014	28	32.6	34.9	35.1	34	34.4	35.2	36.2	32.8	30.9	28.6	29.6		32.7	12
2015	28.2	30.2	31.3	37.2	37.8									32.9	5
2016												32		32	1
2017	31.7	34.1	33.5	36.9	35.3	33.6	34.6	34.7	33.4	30.9	31.6	30.3		33.4	12
2018	26.9	32.9	34.9	34.9	37.9	33.8	35.3	35.1	34.6	32	30.6	30.3		33.3	12
2019	29.5	33.9	33.5	34.7	37.8	35.5	35.5	35.9	35.2	33.1	30.8	31		33.9	12
2020	31.3	31.9	35.7	37.9	37.5	35.3	35.8	34.3	34.1	33.3	31.6	31		34.1	12
2021	30.4	33	34.2	35.2	36	34.2	35.3	34.6	33.8	34	31.3	33.1		33.8	12
2022	31	29.8	34	36.5	37.2	33.5	34.4	35.3	32.1	31.9	32.6	31.5		33.3	12
2023	32.1	31.4	34.9	36.4	37.6	35.2	33.1	34.7	34.1	32.4	28.8	30.3		33.4	12
2024	32.8	32.6	34.5	35	41	34.2	32.3	32.8	31.4	30.6	30.5	31.7		33.3	12
2025	27.4	29.9	34		35.9	31.7	33.6	33.2	32.7	30.9	29.8	30.6		31.8	11
2026	27													27	1
MÍNIMA	21.1	22.9	25	28.3	31.1	27.7	25.8	25.5	28.6	27.5	23.9	23.3		27	1
MÁXIMA	32.8	34.2	35.7	37.9	41	37.5	37.4	36.8	36.1	35.7	33.9	33.1		34.8	12
MEDIA	28.5	30	32.3	34.2	35.2	33	32.6	32.9	31.8	30.7	29.7	28.9		31.6	11.5
DESV.ST	1.7	1.8	1.7	1.5	1.5	1.6	1.8	1.9	1.7	1.5	1.5	1.6		1.3	2.1

TEMPERATURA MÁXIMA EXTREMA
AÑO	ENE	FEB	MAR	ABR	MAY	JUN	JUL	AGO	SEP	OCT	NOV	DIC	ACUM	PROM	MESES
1949										33	35.5	35		34.5	3
1950	35	33.5	36.5	36.6	36.5	38	35	34.5	35.3	32	32	33.5		34.9	12
1951	33.7	36	36.3	39	39.5	36.7	34.3	36.5	35	34.5	33.5	37.5		36	12
1952	35.5	38	38.5	37.5	38	36.5	33	35.5	34.5	30.5	35	33.5		35.5	12
1953	36	35.5	36	38.5	38.5	37	36.5	36.5	36	33.5	35	37		36.3	12
1954	38	35	35.5	37.5	37.5	35.5	35.5	35	35	36	34	33.5		35.7	12
1955	33.5	34	35.5	38.5	39.5	37	33	35	33.5	33	34	34		35	12
1956	34	34.5	36.5	37.5	38	35.5	33.5	36.5	33	35.5	34.5	33.5		35.2	12
1957	32	36	35	39	37	35	35	35.5	36.5	35.5	34.5	34		35.4	12
1958	32	35	36.5	38	38.5	37	35	35	36	35.5	34	32.5		35.4	12
1959	33	35.5	36.5	38	39.5	37	34	35	35	34.5	34.5	33.5		35.5	12
1960	35.5	34	35	37.5	37	39	36	35	33.5	34.5	31	33.5		35.1	12
1961	33	35	35.5	37.5	38	36.5	33.5	35.5	34	35	32.5	33		34.9	12
1962	33.5	34	34.5	35.5	37.5	36	35	35	34	32.5	34	33		34.5	12
1963	33	37.5	37	39	39.5	40	37	35.5	35	35.5	33	33		36.2	12
1964	33.5	34.5	36	37.5	37	35	33	36.5	34	34.5	34	34		35	12
1965	33.5	34	36.5	37	38.5	38	35.5	34.5	36	35	32.5	34		35.4	12
1966	32	34.5	36	38.5	38.5	38.5	36.5	37	33.5	34	34	34.5		35.6	12
1967	35.5	35.5	37.5	38	38.5	38	34.5	36.5	35.5	34.5	33	35		36	12
1968	31	33	36	37	37	36.5	33.5	35	34.5	33	34.5	35.5		34.7	12
1969	34	37	36	39.5	39	38.5	36.5	34.5	33	34.5	33	34		35.8	12
1970	34	34	36	38.5	38	36	34.5	34	35	35	31	35		35.1	12
1971	34	35.5	37	36	37.5	37	35	34	33.5	34	33.5	35		35.2	12
1972	35	36	37	38	38	34.5	33.5	34.5	36.5	37	36	36		36	12
1973	35	34	37	38.5	37	37	34.5	33	35	33.5	35	33		35.2	12
1974	34	33.5	37.5	37	36	34.5	34.5	34	34	34	33	35		34.8	12
1975	34.5	34.5	36.5	38	39	36	34.5	35	35	33.5	35	32		35.3	12
1976	32.5	35.5	36	39	37.5	37	35	34.5	35.5	38	36	35		36	12
1977	36	36	39	40	38.5	37	36.5	38	37	35	36	34		36.9	12
1978	36	35.5	37	37	39.5	34	33	36	33	32.5	34.5	34.5		35.2	12
1979	35	36	37	39	39	36.5	37	34	32	35.5	31.5	31.5		35.3	12
1980	35	36	37	36	39	37	36	33	36.5	35.5	33.5	31		35.5	12
1981	32	34	36.5	38	38	34	38	34	32	33	36	34		35	12
1982	37	36.5	38	40	39.5	34.5	35	36.5	38	34	36	36		36.8	12
1983	34	38	37	38.5	40	37.5	39	37	34.5	35	36	37		37	12
1984	36	36	38	37	36	36	34.5	33	34	35	34	34		35.3	12
1985	34	36		37	39	37	37	35	35	35.5	34	35		35.9	11
1986	35	36	37	40	38	34	35	35	35	33	35	34		35.6	12
1987	33	36	36.5	37.5	38	37.5	37	36	35	34	35	36		36	12
1988	34	35	37	38	38.5	38	33.5	33	33	32	33	33		34.8	12
1989	34	35	35	37	38	38	37	31.5	31.5	33	35.5	33		34.9	12
1990	35	35	35	38	38	34	34	37	34	35	36	34		35.4	12
1991	34.5	35	38	38	39	39	36	37	35.5	34	34	33		36.1	12
1992	33.5	34	36	39	37	36	34	33.5	33	34	34	33		34.8	12
1993	34	35	36.5	36.5	39	39	34.5	34	34	33	33.5	32		35.1	12
1994	33	34	36	36	38.5	36.5	37	35	35	34.5	34	33.5		35.2	12
1995	33.5	36.5	36.5	36	37	36	35	34	34	33.5	34	33		34.9	12
1996	33	34.5	36	36	37.5	36.5	35.5	34.5	37	35	34.5	33.5		35.3	12
1997	34	34	35.5	36	36	36	36.5	37	36.5	34	34	34		35.3	12
1998	34	34.5	35	37	40	41.5	39.5	39.5	35	37.5	38.5	32		37	12
1999	35	35.5	37	37.5	39	38	35.5	36	35	33	31.5	32		35.4	12
2000	32	35	37	37.5	38	35.5	36	34	35	33	35	32		35	12
2001	35	36	36	38	38	37	37.5	37	37	37	35	36		36.6	12
2002	36	35	36	39	40	36	37	38	37.5	36	34	35		36.6	12
2003	36	36	37.5	40	41.5	38	37	37.5	37.5	36	34	35		37.2	12
2004	36	37	39	42.5	40.5	39	40	39.5	38	38	38	36.5		38.7	12
2005	35	34.5	38	41	39.5	40	38	36.5	35	34.5	35.5	35		36.9	12
2006	31.5	34.5	34.5	39.5	36.5	34	34.5	35	34	33	33	29.5		34.1	12
2007	32	33	36	35	35	37	35	34	34	34.5	33	32.5		34.2	12
2008	32.5	33	32.5	36	36.5	34	33.5	33.5	33.5	32	32	32		33.4	12
2009	32	33	33	35.5	36.5	36	32.5	33	32	34	27	27		32.6	12
2010	27	28	29.5	30.5	38.5	34	28	28.5	35	37	35	35		32.2	12
2011	34	35	35.5	39	39.5	40.5	36	37.5	34.5	37	36.5	37		36.8	12
2012	37	35.5	37	38	41	41.5	36.5	37.5	37	37	33.5	39.5		37.6	12
2013	38.5	39	40	41	42	38	38	40	37	37	37	36		38.6	12
2014	35	37.5	39.5	40.5	39	38	40	39.5	38	38	35	34		37.8	12
2015	37	40	38	42	40.5									39.5	5
2016												39.5		39.5	1
2017	39	40	40	41.5	40	37.5	39.5	37.5	37.5	35	36	37		38.4	12
2018	35	37.5	38.5	39.5	41	37.5	39	38	38.5	37	37	35.5		37.8	12
2019	36.5	37	39	40	40.5	39	39.5	40	40.5	36.5	36	35.5		38.3	12
2020	36.5	38	39	40.5	42	40	39	38.5	37.5	38	36	36		38.4	12
2021	37.5	39.5	38	41.5	38.5	38	38	38.5	37.5	42.5	36	38		38.6	12
2022	38	38	40	42.5	41	37	37.5	38.5	36	36	38	36		38.2	12
2023	36	37	39	40	41	38	38.5	36.5	35	35.5	34.5	37		37.3	12
2024	33.5	36	38	36	41	38	35	33.5	34	33	30.5	33		35.1	12
2025	37	35	34		38	34.5	37	36	34.5	35	35	35		35.5	11
2026	34													34	1
MÍNIMA	27	28	29.5	30.5	35	34	28	28.5	31.5	30.5	27	27		32.2	1
MÁXIMA	39	40	40	42.5	42	41.5	40	40	40.5	42.5	38.5	39.5		39.5	12
MEDIA	34.4	35.5	36.6	38.2	38.6	37	35.8	35.6	35.1	34.8	34.3	34.3		35.9	11.5
DESV.ST	1.9	1.8	1.7	1.9	1.5	1.8	2.1	2.1	1.7	1.9	1.8	2		1.4	2.1

TEMPERATURA MÍNIMA PROMEDIO
AÑO	ENE	FEB	MAR	ABR	MAY	JUN	JUL	AGO	SEP	OCT	NOV	DIC	ACUM	PROM	MESES
1949										23.2	19.9	20.8		21.3	3
1950	20.8	20.9	22	23.1	23.9	23.3	23.1	24	23.3	21.9	20.1	18.8		22.1	12
1951	19	17.6	21.2	21.4	22	23.6	23.6	24	22.2	22.9	20.9	20.3		21.6	12
1952	20.8	19.2	22.3	23.1	23.5	23.4	23.2	23.2	23.2	21.2	21.5	20		22	12
1953	18.7	19.9	21.7	23.7	24	23.9	23.9	24.2	23.6	22.7	21	19.5		22.2	12
1954	20.2	19.8	20.8	23.2	24	23.3	23.2	23.9	23.3	22.4	20.8	19.4		22	12
1955	19.5	18.1	21.2	23.2	24.2	23.9	22.9	23.3	22.9	22	21.8	20.2		21.9	12
1956	19	19.6	20.7	23.5	23.5	22.7	23	23.7	23.3	22.8	20.8	20.8		22	12
1957	21.2	22	21.5	24	24.6	24	23.8	24.4	23.6	22.6	21.6	19.5		22.7	12
1958	18.8	19.7	21.4	23.3	24.7	24	23.7	23.8	23.6	23.6	22.7	20.6		22.5	12
1959	19.3	21.6	20.9	22.7	24.4	23.6	23.7	23.5	23.4	23	19.9	19.7		22.1	12
1960	19.8	18.5	20.6	22.7	24	24.1	23.4	23.8	23.4	23.6	22.8	19.7		22.2	12
1961	19	19.5	21.9	23.1	24.6	23.7	23.4	24	23.2	22.7	21.6	20.7		22.3	12
1962	18.6	21.1	20.8	21.8	24.3	23.3	23.9	24	23.2	23	21.4	20.9		22.2	12
1963	19.1	19	21.8	23.4	24.5	24	23.4	24.2	23.6	22.9	21.6	18.4		22.2	12
1964	17.7	19.5	21.4	24.1	24.2	23.4	23.3	23.3	23.3	21.6	21.8	20		22	12
1965	19.3	19.1	20.3	23.1	24.6	23.5	23.5	23.5	23.6	22	22.6	20.4		22.1	12
1966	18.9	19.1	20.6	23.6	24.3	24.2	23.7	23.6	22.6	22	19.8	18.3		21.7	12
1967	18.1	18.4	21.2	22.8	23.6	23.3	23.1	23	22.7	22	20.7	20		21.6	12
1968	19.5	18.5	18.7	21.9	23.1	23.1	22.9	23.1	22.9	22.3	20.9	19.2		21.3	12
1969	18.8	20.9	20.4	23.9	24.3	24.8	23.9	22.8	23	22.9	20.6	19.6		22.2	12
1970	19	17.9	20.4	22.7	22.7	23.7	23	22.9	22.2	22.8	19.1	21.2		21.5	12
1971	19.8	18.5	20.2	20.9	23.5	23	23	22.4	22.6	22.4	21.2	21		21.5	12
1972	19.7	19	21.9	23.6	24.1	23.3	23.2	23.2	23.4	23.5	22.8	20.2		22.3	12
1973	19.2	19.3	22.4	22.9	23.8	23.3	23	22.7	22.4	22.3	22.1	17.9		21.8	12
1974	20.7	18.5	21.6	22.4	23.5	22.7	22.5	23.3	22.2	21.2	21.3	20.3		21.7	12
1975	19.3	19.3	21.8	23.3	23.8	22.9	22.6	23.2	22.2	21.5	21	19.5		21.7	12
1976	17.4	18.5	21	22.6	23.4	23.4	22.9	23.3	23	22.2	19.7	17.9		21.3	12
1977	18.3	18.6	19.8	21.9	23.9	23.6	23.6	23.6	23.6	22.6	21.2	20.4		21.8	12
1978	18.7	18.2	19.6	22.9	24.5	22.9	22.7	23.4	22.3	21.4	22.2	20.1		21.6	12
1979	17.3	18.5	20.9	23.4	23.3	23.2	23.4	23	22.1	22.3	20.4	18.7		21.4	12
1980	19.2	18.2	20.7	21.9	24.3	24	23.2	22.5	22.6	22.5	19.9	18.9		21.5	12
1981	18.3	18.7	20.7	22.8	23.7	22.6	22.9	22.9	22.9	22.5	20.7	20.4		21.6	12
1982	19.9	20.5	20.8	23.6	24	23.4	22.8	23.9	23.2	22	21.5	19.6		22.1	12
1983	19.2	19.4	20.2	21.6	24.4	23.9	23.8	23.9	22.8	22.8	21.4	19.9		21.9	12
1984	18.4	19.1	20.3	21.6	23	22.6	22.8	22.9	22.1	22.6	20.1	20.3		21.3	12
1985	17.7	19.1		22.1	23.4	23.4	22.6	22.9	22.9	22.9	22	20.5		21.8	11
1986	18.7	22.8	18.9	22.6	23.3	23.4	23.2	23.5	23.5	22.4	22.4	20.6		22.1	12
1987	17.8	19.8	20.5	21	24.2	23.5	23.7	23.4	23.8	22.1	21	20.1		21.7	12
1988	19.1	19.6	20.8	22	23.6	23.5	23.1	23.2	22.6	22	21.5	20.1		21.8	12
1989	21.1	19.3	18.9	21.7	23.5	23.2	23	22.3	22.3	21.8	22.3	17.9		21.4	12
1990	20.4	20.1	21.7	23.6	24.1	23.6	23.5	23.8	23.6	23	21.2	19.5		22.3	12
1991	20.1	19.6	21.7	23.3	24.2	23.9	23.7	23.8	23.4	22.6	20.5	21.1		22.3	12
1992	19.1	19.3	21.7	23.6	23.8	24.1	23.1	23.3	23.3	22.7	21.2	21.1		22.2	12
1993	20.9	20.4	21.2	23.1	24.8	23.8	23.8	23.3	23.1	22.4	21.2	20.5		22.4	12
1994	19.8	20.4	20.6	22.9	24.7	24.1	24.3	23.9	23.7	23.2	22.8	22		22.7	12
1995	20.3	20.7	21.9	23.7	23.6	23.9	23.3	23	23.1	22.5	22.1	20.8		22.4	12
1996	18.6	19.2	19.6	22	24.3	24	23.4	23	22.1	21.3	20.6	20.9		21.6	12
1997	19.5	20.2	22.6	23.4	24.2	24.1	23.9	23.8	23.2	20.7	20.6	19.9		22.2	12
1998	20.2	22.2	21.8	22.6	25.7	27.3	25.3	25.3	24.4	24.4	23.9	21.4		23.7	12
1999	21.6	21.2	22.5	23.2	23.8	23.4	22.4	22.2	21.7	21	20	18.8		21.8	12
2000	19	19	20.4	20.5	21	20.9	21	20.6	20.8	20.3	20.2	19.1		20.2	12
2001	17.8	18.9	20.2	21.7	22	21.1	21.4	21.4	21.3	20	20.1	19.5		20.4	12
2002	18.9	18.4	19.5	21	21.2	20	19.5	21.3	20.6	20.5	19.3	19.3		20	12
2003	18.8	19.3	20.9	20.7	22.2	21.7	22.8	22.8	21.8	21.3	20.1	18		20.9	12
2004	18.4	18.3	21.3	21.4	21.4	21.5	22	22.8	21.7	22.5	21.8	18.7		21	12
2005	18.9	19.6	21	21.8	22.5	23	22.1	22.6	22.8	22.4	20	19.1		21.3	12
2006	18.4	18.4	20.7	23	21.8	20.9	20.8	22.4	20.4	18.5	16.7	15.9		19.8	12
2007	14.9	16	23.2	26.5	24.8	26.6	26.2	25.7	25.6	24.1	23.7	23.8		23.4	12
2008	22.5	24.9	23.6	26.2	26.6	24.6	25.5	26	24.4	24.7	22.9	21.2		24.4	12
2009	22.8	22.3	22.9	24.2	25.2	22.9	19.6	19.5	19	19.4	16.6	16.2		20.9	12
2010	14.2	14.6	16.2	20.2	22.4	20.6	19.6	19.6	22.4	23.5	22.8	19.3		19.6	12
2011	20.7	20.5	22.6	24.4	25.4	25.2	24.7	25	24.2	23.1	22	21		23.2	12
2012	20.4	21.9	23.6	23.1	25.3	24.6	25.3	24.6	24.6	24	22.6	20.9		23.4	12
2013	21.1	21	21.2	23.7	24.2	24.8	25.2	25	24.1	23.9	22.5	22.1		23.2	12
2014	19.4	21.6	22.6	24.3	24.1	25.3	25.9	26	24.8	24	21.7	22		23.5	12
2015	20.9	20.3	22	25.6	25.9									22.9	5
2016												23.4		23.4	1
2017	21.3	22.4	23.9	25	25.1	25	25.3	25.1	24.6	24	23.2	21.5		23.9	12
2018	20	22.7	23.4	24.4	25.7	24.8	25.8	25.2	25.2	24.5	22.9	21.6		23.9	12
2019	21.8	22.1	23	24.6	26.2	25.8	25.9	25.3	25.1	24.7	23.1	21.5		24.1	12
2020	22.2	22.4	24.4	25.7	26.2	25.9	25.7	25.7	25	24.9	23.7	21.2		24.4	12
2021	21.6	21.3	23.5	24.1	25.7	24.7	25.6	25	24.8	24.6	23.2	22.6		23.9	12
2022	20.5	20.6	22.8	23.6	25.9	24.7	25.4	24.9	24.5	23.7	23.2	21.8		23.5	12
2023	21.1	20.6	23	23.6	25.1	25.1	25	25.4	24.7	24.9	22.9	21.4		23.6	12
2024	24.8	18.6	23.4	24	25.5	24.9	24.7	24.8	24.5	23.9	23.5	21.8		23.7	12
2025	17.6	22.1	23.3		25.4	24.4	24.5	24.2	24	23.4	22.4	22.4		23.1	11
2026	18.8													18.8	1
MÍNIMA	14.2	14.6	16.2	20.2	21	20	19.5	19.5	19	18.5	16.6	15.9		18.8	1
MÁXIMA	24.8	24.9	24.4	26.5	26.6	27.3	26.2	26	25.6	24.9	23.9	23.8		24.4	12
MEDIA	19.5	19.8	21.4	23	24.1	23.6	23.5	23.5	23.1	22.6	21.4	20.2		22.1	11.5
DESV.ST	1.6	1.6	1.4	1.3	1.2	1.3	1.4	1.3	1.2	1.2	1.4	1.4		1.1	2.1

TEMPERATURA MÍNIMA EXTREMA
AÑO	ENE	FEB	MAR	ABR	MAY	JUN	JUL	AGO	SEP	OCT	NOV	DIC	ACUM	PROM	MESES
1949										20	18	17		18.3	3
1950	17.5	17.7	19.5	19.5	21	21.1	21.5	22.2	21	17	17	14		19.1	12
1951	14	11.7	20	18	19.5	21	22	22	20	20	15	16.7		18.3	12
1952	17	14	19	20	21	20	21	21.5	21	19	18	15		18.9	12
1953	15	15	16.5	20	22	22	22.5	22	21.5	20	17	14		19	12
1954	15.5	16	16	19.5	21	21.5	21	21.5	22	20.5	16	16.5		18.9	12
1955	14.5	11.5	15.5	20	21	21	22	22	21	18.5	19	16.5		18.5	12
1956	14.5	16	16.5	20	22	21	21.5	21.5	21.5	21	16	18		19.1	12
1957	16	18	17	19	22	22.5	22	22	20	18	13.5	14		18.7	12
1958	15	16	17	19.5	23	16.5	22	22	21.5	21.5	19	16		19.1	12
1959	16	19	16.5	18	21	22	21.5	22	20.5	22	14	17		19.1	12
1960	16	12.5	15.5	17	21	22.5	22	22	22	21.5	19	15.5		18.9	12
1961	16	16.5	16.5	20.5	21	20	21.5	21.5	22	20	20	17.5		19.4	12
1962	11	19	18	19	21.5	22	22	22	21.5	18	19	18		19.2	12
1963	16	15	17.5	20	22.5	22	21.5	18.5	21.5	21	17	13		18.8	12
1964	13.5	15	17	20.5	23	22	21.5	21	22	17.5	19	15		18.9	12
1965	14	15.5	16	20.5	20.5	21	21	21.5	22	19.5	20.5	18		19.2	12
1966	14.5	16	16	20	21	22.5	22	22	19	19	16.5	14.5		18.6	12
1967	11.5	15	18	20	20.5	20.5	20	20.5	19	19	18	14		18	12
1968	14	14	14	19.5	18.1	21	21.5	21	22	20.5	18	15		18.2	12
1969	15	17	15.5	20	22.5	22.5	22	21	21	21	15	17		19.1	12
1970	12	13	16	20	19	22	21.5	21	21	18	13	19		18	12
1971	16.5	15.5	12	17.5	21	20.5	21	20	21.5	20	18	17		18.4	12
1972	15.5	14	19	20.5	22	21	21.5	22	21	22	19	14		19.3	12
1973	14	13	19	17	20.5	21	21	21	21	21	16.5	12.5		18.1	12
1974	18	13.5	16	19	21.5	21.5	20	21	20.5	19.5	16	16		18.5	12
1975	14	16	19	20	21	20	20.5	21	20	19	17	15.5		18.6	12
1976	14	14	15.5	19	21	21	22	21	21	18	14.5	15		18	12
1977	14	15.5	14.5	18.5	22	21	21.5	21	21.5	19	17.5	14		18.3	12
1978	15	14	15.5	19	22	21	20.5	21	21	17	20	13		18.2	12
1979	8	15	18	20.5	21	21.5	21	20.5	20	20	16	15		18	12
1980	14	13	11.5	17.5	22	21.5	21	21	21	19	16	12.5		17.5	12
1981	15	15	19	20.5	20	21	21	21	21	20.5	15	17		18.8	12
1982	14	16.5	14.5	21	22.5	21.5	20.5	20	22	20	18	16		18.9	12
1983	15.5	16	17.5	19	21.5	22	21	21	22	20	18	11		18.7	12
1984	15	15	16	19	20	20	21	22	20	20.5	15	14		18.1	12
1985	13	14.5		18	20	22	20	21	21.5	21	18	16		18.6	11
1986	15	19	15	20	16	21	19	21	22	20	18	17		18.6	12
1987	15.5	16	14	15	21	21	22.5	22	21	20	15	14		18.1	12
1988	13	16	14	15	21	21	21	22	20	20	17.5	17		18.1	12
1989	17	16	12	19	20	21	21	19.5	19.5	16	19	10		17.5	12
1990	17	17	18	20.5	21	21	21	22	21.5	20	18	15		19.3	12
1991	17	17	15	18	22.5	20.5	22	21.5	22	20	17	17		19.1	12
1992	14.5	17	18	21	21	23	21	21.5	22	20	16	17		19.3	12
1993	17	16.5	13.5	21	22.5	21	21	21	22	18	16	14		18.6	12
1994	17	17	16	18	22.5	22	22.5	22.5	22	21	21	17		19.9	12
1995	17	18	16	22	21	22.5	22	21	22	20	19	18		19.9	12
1996	13	14	15	18	22	22	21.5	20	18	17	16	15		17.6	12
1997	16	16	18	20	22	23	23	23.5	21	14	16	15		19	12
1998	16	19	17	17	21	23.5	22	22	21	21	22	16		19.8	12
1999	17	15	20	19	23	21	20	21.5	20	18.5	18	17		19.2	12
2000	17	17	19	18	20	20	20	19	20	17	16	15		18.2	12
2001	14	15	18	20	21	20	20.5	20	20	17	19	16		18.4	12
2002	17	15	15	20	20	19	18	19	19	19	17	17		17.9	12
2003	16	16	17	17	20	20	21	21	21	19	17	15		18.3	12
2004	17	16	19	18.5	18	16	20	19.5	19	20.5	18	16		18.1	12
2005	14	14	18.5	19	21	20.5	19	20.5	21	20.5	15	16		18.2	12
2006	13.5	10	12.5	19.5	19	17	17.5	19	17.5	15	13.5	11		15.4	12
2007	11.5	12	18	24.5	23	25	22.5	23	23	20	20	20		20.2	12
2008	16.5	21	19.5	23	25	20	23	23	20	22	19	17		20.8	12
2009	16	18	17.5	20	21.5	18	17	17.5	17	16	14	12		17	12
2010	10	10	12	17	20	18	18	18	18	22	19.5	16		16.5	12
2011	18.5	17	20	20	21.5	23	23.5	23	23	20.5	17	15.5		20.2	12
2012	17	18	19	18	23	23	23	22.5	23	18	21	12		19.8	12
2013	16	16.5	16	21	19	22.5	23	23	22	21	16	20		19.7	12
2014	15	17	19	19.5	20	23	22	23.5	23	21.5	18.5	17		19.9	12
2015	16	18	18	21	22.5									19.1	5
2016												19.5		19.5	1
2017	15	16.5	20	22	22	23	23	23	23	21	20.5	14		20.2	12
2018	16.5	18	18.5	21	23.5	23	22.5	23.5	23.5	23	13	17		20.2	12
2019	18.5	18.5	20	20.5	23.5	23.5	24	23.5	22.5	22.5	18	18		21.1	12
2020	18	16	19.5	22	24	23.5	23.5	24	21.5	22	21	17		21	12
2021	17.5	16	20	21.5	23.5	22	24	23	22.5	22	19	18		20.8	12
2022	10	14	19	19.5	24	22.5	23.5	23	22.5	21	21	19		19.9	12
2023	17	15.5	17.5	21	21.5	23.5	23	23	23.5	24	19.5	17.5		20.5	12
2024	24.5	16.5	18.5	24	25.5	24	23.5	24.5	24	23.5	23.5	19		22.6	12
2025	15.5	18	23		24	23.5	22	20	23	21	20	22		21.1	11
2026	16													16	1
MÍNIMA	8	10	11.5	15	16	16	17	17.5	17	14	13	10		15.4	1
MÁXIMA	24.5	21	23	24.5	25.5	25	24	24.5	24	24	23.5	22		22.6	12
MEDIA	15.3	15.7	17	19.6	21.4	21.4	21.4	21.4	21.1	19.8	17.6	15.9		18.9	11.5
DESV.ST	2.3	2.1	2.3	1.7	1.6	1.6	1.4	1.4	1.4	1.9	2.2	2.2		1.1	2.1

TEMPERATURA MEDIA MENSUAL
AÑO	ENE	FEB	MAR	ABR	MAY	JUN	JUL	AGO	SEP	OCT	NOV	DIC	ACUM	PROM	MESES
1949										26.8	24.2	24.8		25.3	3
1950	25.2	25.3	27.2	28.2	28.8	27.5	27	28	27.4	25.4	24.2	23.6		26.5	12
1951	24.2	23.1	27.5	28.4	28.7	28.2	27.7	28.7	26.9	26.5	25	25.6		26.7	12
1952	25	25	27.7	28.3	28.9	27.5	26.9	27.5	27	24.4	25.5	24.2		26.5	12
1953	24	25	27.2	28.9	29.1	28.7	28.4	29	28	26.4	24.9	23.6		26.9	12
1954	24.5	24.9	25.8	28.4	29.2	27.6	27.5	28.4	27.6	26	24.9	23.5		26.5	12
1955	24	23.5	26.6	28.5	29.6	28.4	26.5	27.6	25.9	25.2	25.6	24		26.3	12
1956	23.6	25.2	26	28.6	28.1	26.8	27.1	28.4	27	27.1	24.4	24.1		26.4	12
1957	25.2	26.3	26.5	29	29.6	28.2	28	28.9	28.2	27.2	26.2	23.2		27.2	12
1958	22.2	24.2	26.7	28.7	29.9	28.4	27.5	28.4	27.6	27.2	26.4	23.6		26.7	12
1959	23.1	26.2	25.7	27.8	30	27.8	27.6	27.9	27.4	26.6	23.6	23.5		26.4	12
1960	24	23.5	25.5	27.9	29.1	28.8	27.3	27.6	26.9	27.1	25.6	23.2		26.4	12
1961	22.2	24.2	26.9	28.3	29.6	27.8	27.1	28.6	27.1	26.4	24.6	24.6		26.4	12
1962	22.5	26.1	25.8	26.6	29.2	27.4	27.9	28.6	27.1	26.6	25.6	24.6		26.5	12
1963	23.5	24.1	26.9	29.3	30	29.8	28	28.2	27.5	26.4	25.4	22.4		26.8	12
1964	22.4	24.3	27	28.9	29.3	27.5	27.1	28	27.7	25.5	26	23.9		26.5	12
1965	23.6	24.4	25.7	28.7	30.1	28.1	27.6	27.6	28	25.3	26.2	24.5		26.6	12
1966	23	23.6	25.3	29.1	29.5	28.9	28.2	27.9	26.5	25.6	24	23		26.2	12
1967	22.7	23.6	26.6	28.6	29.2	27.9	27.7	27.9	26.6	25.4	24.9	24.6		26.3	12
1968	23.2	23.1	24	27.9	28.6	27.8	27.2	28	27.1	26.3	25.6	23.9		26.1	12
1969	24	26	25.1	29.5	29.6	29.8	28.5	26.6	26.4	26.5	24.2	24.2		26.7	12
1970	23.2	22.8	26	28.5	28.6	28.1	27	27	26	26.4	23.1	25.1		26	12
1971	24.2	24.6	26.1	26.3	28.8	28.2	27.4	26.7	26.6	26.5	25.4	25.6		26.4	12
1972	24.8	24.6	27.6	29	29.6	27.6	27.2	27.7	28.2	27.9	27.2	24.5		27.2	12
1973	23.5	23.5	28.2	27.9	28.9	28.1	27.4	26.4	26.2	25.6	26.1	22.8		26.2	12
1974	25.2	23.8	27.6	27.9	28.6	26.2	26.5	27.7	26.5	24.7	25.1	24.6		26.2	12
1975	23.6	25	27.6	29	29.2	27.2	27.3	27.9	26.2	25.4	25.1	23.4		26.4	12
1976	21.8	23.6	27.1	28.6	29	28.1	27.6	27.8	27.7	26.7	23.7	22.4		26.2	12
1977	23.2	23.1	26.1	27.3	29.7	28.8	28.7	29.2	28.9	26.9	25.8	25		26.9	12
1978	23.4	23.5	25.4	28.7	29.9	27.2	27.2	28	26.2	25.1	26.1	25		26.3	12
1979	22.8	24.1	26.5	29	29	27.9	28	27.5	25.5	26.2	23.8	22.7		26.1	12
1980	24.5	23	26.8	26.9	30	28.6	28.1	26.6	26.8	26.4	23.9	22.6		26.2	12
1981	22.6	23.1	26.6	28.5	29.5	26.7	27	26.8	26.5	26.4	25.4	25.2		26.2	12
1982	25.2	25.4	27	29.4	29.2	28.1	27.7	29.1	28.2	25.9	26	24.4		27.1	12
1983	23.9	24.6	26.1	27.8	30.4	29.3	28.7	29.1	27.1	27.2	27	24.8		27.2	12
1984	22.9	24.2	25.9	27.8	28.2	27.3	26.8	27	25.6	26.9	25	25		26	12
1985	22.7	24.3		28	29.4	28.3	27.5	27.4	27.6	27.7	26.6	24.8		26.8	11
1986	23	27	24.5	28.8	28.6	27.6	27.8	28.2	27.6	26.4	26.5	24.5		26.7	12
1987	22.8	24.8	25.8	26.4	29.6	28.3	28.1	28	28.6	26.4	25.4	24.6		26.6	12
1988	23	24.2	26.2	28.1	29.6	28.2	27.2	26.8	26.1	25	25.8	24		26.2	12
1989	25.2	24.2	24.5	27.9	29	27.6	27.7	25.5	25.5	25.9	26.6	22.3		26	12
1990	24.3	25	26.5	29	29.3	27.7	27.5	28.4	27.8	27.3	25.4	23.6		26.8	12
1991	25	24.3	27.2	29.1	29.9	28.6	27.8	28.9	27.3	26.2	24.3	24.2		26.9	12
1992	23	24.2	27.1	28.8	29.1	28.7	27.7	27.5	27.4	27	25.1	25.4		26.8	12
1993	24.8	25.4	26.6	28.6	30	27.8	27.6	27.9	27.6	26.4	24.6	24.1		26.8	12
1994	23.6	24.9	26	28.1	30	29.1	29.4	28.3	28.2	27.2	27.4	25.9		27.3	12
1995	24.6	25.4	27	28.6	28.7	28.3	28	27.5	27.9	26.8	26.1	24.8		27	12
1996	23.3	24.6	25.1	27.6	29.2	29	28	28.1	28	26.4	24.6	24.6		26.5	12
1997	24	24.6	27.7	28	29.1	29.2	29.2	29.6	28.9	25.6	25.9	24.8		27.2	12
1998	25.4	27.5	26.8	28.1	31.4	32.4	30.2	30.2	26.9	27.4	27.4	25.1		28.2	12
1999	25.9	26.2	28.1	29.1	30.1	29.3	27.5	27.4	26.5	25	23.9	22.8		26.8	12
2000	23.7	24.8	27.7	27.9	27.9	27	27.4	27	26.5	25.6	25.8	23.9		26.3	12
2001	23.4	24.6	26.6	28.6	29.1	28	29	29	26.6	25.4	25.9	24.9		26.8	12
2002	25	23.8	26.3	29	29.6	26.4	26.9	28.5	27	26.8	25	24.7		26.6	12
2003	23.7	26.2	27.8	28.1	29.4	27.4	28.2	29.5	29	26.8	25	23.4		27	12
2004	24.5	25.3	28.2	29	28.8	28.9	29.7	29.8	28.8	29.1	27.9	24.9		27.9	12
2005	24.4	25	27.3	28	29.9	29.2	28.4	27.8	27.7	26.8	25	24		27	12
2006	22.8	23.9	26	28.1	27.7	26.2	26.2	27.3	25.7	24.2	22.6	21.7		25.2	12
2007	21.7	23.2	27.4	29.4	29.2	30	29.4	28.5	28.9	27.5	27.3	27.3		27.5	12
2008	25.8	27.8	27	29.5	29.6	27.3	28	28.8	27.2	27.2	25.8	25.2		27.4	12
2009	25.6	25.9	26.7	28.1	29	26.6	24.8	24.9	24	24	20.2	19.8		25	12
2010	17.6	18.8	20.6	24.2	26.8	24.1	22.7	22.6	26	27.2	26.6	23.3		23.4	12
2011	25.2	25	27.4	29.6	30.3	29.6	28.6	29.6	28	27	26.2	25		27.6	12
2012	24.8	26.1	28.8	29.4	31	29	30	29.2	29.3	28.2	26.8	26.6		28.3	12
2013	25.8	27.6	26.9	30	30.1	30	30.1	29.9	28.4	28.8	26.6	26		28.4	12
2014	23.7	27.1	28.8	29.7	29	29.9	30.6	31.1	28.8	27.4	25.1	25.8		28.1	12
2015	24.5	25.2	26.6	31.4	31.8									27.9	5
2016												27.7		27.7	1
2017	26.5	28.2	28.7	31	30.2	29.3	30	29.9	29	27.4	27.4	25.9		28.6	12
2018	23.4	27.8	29.1	29.6	31.8	29.3	30.5	30.1	29.9	28.2	26.8	26		28.5	12
2019	25.6	28	28.2	29.7	32	30.6	30.7	30.6	30.2	28.9	27	26.2		29	12
2020	26.8	27.1	30	31.8	31.9	30.6	30.8	30	29.6	29.1	27.6	26.1		29.3	12
2021	26	27.1	28.9	29.7	30.9	29.5	30.4	29.8	29.3	29.3	27.2	27.9		28.8	12
2022	25.8	25.2	28.4	30	31.6	29.1	29.9	30.1	28.3	27.8	27.9	26.6		28.4	12
2023	26.6	26	29	30	31.4	30.2	29	30	29.4	28.6	25.9	25.9		28.5	12
2024	28.8	25.6	29	29.5	33.2	29.6	28.5	28.8	28	27.2	27	26.8		28.5	12
2025	22.5	26	28.6		30.6	28	29	28.7	28.4	27.1	26.1	26.5		27.4	11
2026	22.9													22.9	1
MÍNIMA	17.6	18.8	20.6	24.2	26.8	24.1	22.7	22.6	24	24	20.2	19.8		22.9	1
MÁXIMA	28.8	28.2	30	31.8	33.2	32.4	30.8	31.1	30.2	29.3	27.9	27.9		29.3	12
MEDIA	24	24.9	26.8	28.6	29.6	28.3	28	28.2	27.5	26.6	25.5	24.5		26.8	11.5
DESV.ST	1.5	1.5	1.4	1.1	1.1	1.2	1.3	1.3	1.2	1.1	1.3	1.4		1.1	2.1
