COMISIÓN NACIONAL DEL AGUA
COORDINACIÓN GENERAL DEL SERVICIO METEOROLÓGICO NACIONAL
BASE DE DATOS CLIMATOLÓGICA NACIONAL 

ESTADÍSTICA MENSUAL
EMISIÓN   : 13/02/2026 

DATOS DISPONIBLES EN LA BASE DE DATOS A: FEBRUARY DE 2026; 
CON LA INFORMACIÓN SUMINISTRADA POR LAS UNIDADES ADMINISTRATIVAS 

 ESTACIÓN  : 20004 
 NOMBRE    : SAN JUAN ATEPEC 
 ESTADO    : OAXACA 
 MUNICIPIO : SAN JUAN ATEPEC 
 SITUACIÓN : OPERANDO 
 CVE-OMM   :   
 LATITUD   : 17.43305556 ° 
 LONGITUD  : -96.54972222 ° 
 ALTITUD   : 1975 msnm 


LLUVIA MÁXIMA 24 H.
AÑO	ENE	FEB	MAR	ABR	MAY	JUN	JUL	AGO	SEP	OCT	NOV	DIC	ACUM	PROM	MESES
1955				25	15	13	48	33	46	33.5	2	25	240.5	26.7	9
1956	2.5	13	3.5	5.5	44	25.5	27	34	17.5	27.5	9	16.5	225.5	18.8	12
1957	6	17.5	13	11.5	64	30	33.5	40	25	13.5	4	4.5	262.5	21.9	12
1958	21.2	1.6	5	17.5	21	27.5	35.5	76	30	33	23.5	18.5	310.3	25.9	12
1959	2.5	5.5	7	40	46	42	22.5	24.5	19	25	0	0	234	19.5	12
1960	0	0	0	0	45	38.5	23	22	20	17.5	17.5	6	189.5	15.8	12
1961	6	0	20	5.5	5	20	60.5	24	28	60	18	8	255	21.2	12
1962	0	0	0	14.5	5	17	20	20	31	24.5	0	9	141	11.8	12
1963	0	0	5	29.5	27	21	28.5	52.5	30	0	11.5	0	205	17.1	12
1964	0	0	0	0	14	28	24	33	12	35	20	8.5	174.5	14.5	12
1965		0.1	20.3	10.2	0	30	19.5	36	29	40	10	5	200.1	18.2	11
1966	0	10	10.1	10.4	20.9	30	20.4	10	20.6	40.3	0.4	0	173.1	14.4	12
1967	0.5	0	0.2	63	20	74	30	20	30	30	0.6	18	286.3	23.9	12
1968	0.7	0.4	0	35	24	60	40	53	20.7	16	0.1	3	252.9	21.1	12
1969	0	1	0.3	20.1	0.9	57	70	70.8	40.6	22	0.4	0	283.1	23.6	12
1970	0.5	10.1	0	0.5	10.2	40.1	40.4	30.3	30.1	0.8	0.2	0	163.2	13.6	12
1971	20.7	0	9	2	0.7	20.7	10.7	40.7	30	30	30	30.8	225.3	18.8	12
1972	10.1	0.1	0	30.1	30.4	50.5	30.5	10	10	10.2	10.7	0.1	192.7	16.1	12
1973	0	0	0.2	15	0.4	70.2	80.5	40.5	14	10.5	0.3	20.2	251.8	21	12
1974	15	0.2	0.9	10.1	20.1	36	20.9	10.1	60.1	20.2	20	0	213.6	17.8	12
1975	0	6.1	0	30.2	23	20	12	40	50.2	30.4	0.2	0.5	212.6	17.7	12
1976	20	0.2	0.2	20.5	20.2	30.5	30	20.2	40	10.4	10.9	0	203.1	16.9	12
1977	0	0.2	0.2	0.7	20.5	50.2	10.3	10.9	10.9	10.5	10.7	10.9	136	11.3	12
1978	0	0	0.1	10.2	10.1	70.2	40.2	20	70.5	20.8	0.3	10.3	252.7	21.1	12
1979	1	20.2	0.2	60.7	0.6	60.4	40.4	30.1	60.7	20.1	0.2	0.8	295.4	24.6	12
1980	0.2	0	0	10.8	20	20.5	30.8	40.7	50.5	10.5	10	0.7	194.7	16.2	12
1981	0.4	10	10.7	10.2	0.9	40.5	60	59.8	20.8	20.5	10	10	253.8	21.1	12
1982	0.5	20.7	0.6	10.5	20	26.6	20	10.8	40.6	30.5	10	0.8	191.6	16	12
1983	0.3	10.5	10	0	0	20.5	70	20	30.7	20	10.5	10.5	203	16.9	12
1984	0.8	0.2	30.6	0	30	31	40.5	40	20.5		10	10.9	214.5	19.5	11
1991	0.5	0.3	0	20.2	40.7	20.6	60.5	40.5	50.2	40.3	0.9	10	284.7	23.7	12
1992	10.7	10.8	20	10.1	30	40.4	10.1	60.5	80.2	10.1	0.5	0.2	283.6	23.6	12
1993	9	0.5	0.4	0.3	30	50.5	30	50.7	10.9	40.5	0.8	0.9	224.5	18.7	12
1997			0.5	20.5	0.5	20	29	10.3	40.2				121	17.3	7
2000	0	0	0	10.9	12	30.1	30.2	30.6	20.7				134.5	14.9	9
2001	2	7	0	0.6	20	14	58	72	37	32	6		248.6	22.6	11
2002	0	0.6	0.3	0	9	29	27	64	50	12	21		212.9	19.4	11
2003	3	0	0	27	15	41	12	15	107	16	22	1	259	21.6	12
2004	3	0	4	12	7	29	30	15.5	12	34	7	2	155.5	13	12
2005	3	3	1	23	25	43	25	65	64	285	8	5.5	550.5	45.9	12
2006	4	0	2	0.2	24	18	50	23	47	14	16.5	6	204.7	17.1	12
2007	3	10.5	2	7	23	32	28	43	20	25	15	2.5	211	17.6	12
2008	23	1	0	14	18.5	30	27	17	51.5	13	2	2	199	16.6	12
2009	4	10	32.1	5	28	25	29	16.5	39	43.5	7.5	7	246.6	20.6	12
2010	8	9	0	29	2	30	46	103	170	38	12	0.01	447.01	37.3	12
2012	17	6	8	41	8	39	34.5	141	25	45	4.5	5.5	374.5	31.2	12
2013	0	5	3	9.5	10	40.5	24.5	55.5	32	19.5	20.5	8.5	228.5	19	12
2014	0	0	1.5	9	66	32	45	13	29.5	29.5	2	3	230.5	19.2	12
2015	7	0.01	13	14	36.5	33	50.5	27	72	68	29	2.5	352.51	29.4	12
2016	5	5	5	15	20	31	13	39.5	73	18.5	8.5	33.5	267	22.2	12
2017	3	1	2.5	27	39	20	21	39	47	66.5	12	2	280	23.3	12
2019	1	3	8.5	12.5	31	36	13	10	42	31.5	22	2	212.5	17.7	12
2020	2	7	0	21	4.5	50	40	34	33	16	21	0.01	228.51	19	12
2021	9.5	1	0	6	37	33	39	29	47	22	2.5	0	226	18.8	12
2022	5	1.5	6.5	4	19	37	37	30	71	62	29.5	6	308.5	25.7	12
2023	0	3.5	2	2.5	10	30.5	23	98	10	23.5	15	2	220	18.3	12
2024	10	9	7.5	8	9.5	60	25	24	43	31	22	3	252	21	12
2025	3	6	8	0	35	50	45	19	29	40	23	32	290	24.2	12
2026	8.5												8.5	8.5	1
MÍNIMA	0	0	0	0	0	13	10.1	10	10	0	0	0	8.5	8.5	1
MÁXIMA	23	20.7	32.1	63	66	74	80.5	141	170	285	30	33.5	550.5	45.9	12
MEDIA	4.5	4.1	4.8	14.6	20.2	35.3	33.5	37.2	39.5	31.6	10.4	6.8	235.6	20.2	11.6
DESV.ST	6.2	5.4	7.4	14	15.3	14.5	16	25.5	26.6	37.9	8.9	8.5	76.7	5.9	1.6

LLUVIA TOTAL MENSUAL
AÑO	ENE	FEB	MAR	ABR	MAY	JUN	JUL	AGO	SEP	OCT	NOV	DIC	ACUM	PROM	MESES
1955				26.5	23.5	64.5	388	178.2	311.5	92	8.5	49.5	1142.2	126.9	9
1956	10	16	3.5	5.5	207.5	160.5	122.5	90	130	56.5	35	17.5	854.5	71.2	12
1957	10	17.5	24.5	34	115	126	166	97.5	120.5	44	6.5	4.5	766	63.8	12
1958	23.4	1.9	5	32.5	56	159.5	286	161.5	266	159.5	75.5	35.5	1262.3	105.2	12
1959	2.5	19	7	73	68.5	265	139.5	91	72.5	172.5	0	0	910.5	75.9	12
1960	0	0	0	0	70	71	214	142	193.5	99.5	29	6	825	68.8	12
1961	9	0	39	5.5	8	109	287	94.5	172.5	96	36	8	864.5	72	12
1962	0	0	0	42.5	5	99.5	134	89.5	154	73.5	0	9	607	50.6	12
1963	0	0	5	29.5	50.5	168.5	272.5	130.5	201	0	11.5	0	869	72.4	12
1964	0	0	0	0	69.5	184.5	146.5	101	79	55	42.5	24.5	702.5	58.5	12
1965		0.2	22.7	10.2	0	150.8	62.7	116.6	112.3	112	10.6	5.3	603.4	54.9	11
1966	0	10.3	20.2	13.9	41.1	105.9	87.4	70	91.7	114.7	0.6	0	555.8	46.3	12
1967	0.5	0	0.4	129.5	47.2	219.5	105.2	58.4	106.2	75.2	1.2	20.2	763.5	63.6	12
1968	1.8	1.4	0	35.6	50.5	159.8	105.7	101.5	68.4	40	0.4	7	572.1	47.7	12
1969	0	1	0.8	31.3	1.6	101	227.8	463.7	198.3	39.9	1.2	0	1066.6	88.9	12
1970	0.6	10.8	0	1.2	11.9	157.4	148.8	96.5	125.8	2.4	0.8	0	556.2	46.4	12
1971	27	0	19	8	3	73.8	24.1	74.7	86.2	53.7	42.7	64.2	476.4	39.7	12
1972	10.8	0.1	0	40.2	30.4	224.4	55.2	22.8	12.3	11.8	22.6	0.1	430.7	35.9	12
1973	0	0	0.2	16.8	0.9	184.5	145	133.8	58.1	13	1.3	20.5	574.1	47.8	12
1974	15.3	0.3	2.2	11.4	74.9	176.5	129.6	11.5	268.9	54.7	20.2	0	765.5	63.8	12
1975	0	7.1	0	30.9	97.5	73.4	75.8	116.4	254.3	93.5	0.3	1.1	750.3	62.5	12
1976	20.8	0.2	0.2	21	31.7	165.2	96.6	54.2	165.9	22.8	14.6	0	593.2	49.4	12
1977	0	0.2	0.2	0.9	21	182.5	15.9	26	25.7	21.9	31.5	21	346.8	28.9	12
1978	0	0	0.1	10.4	10.2	326.5	109	94.6	196	65.6	1.3	21.4	835.1	69.6	12
1979	1	21	0.3	112.5	0.9	125	76.4	143.1	148.7	32.6	0.8	2.2	664.5	55.4	12
1980	0.3	0	0	11.2	42.7	63.9	125.5	136	217.7	20.9	11.4	2.2	631.8	52.6	12
1981	0.4	12.6	32.4	11.5	3.8	448.9	283.7	247.3	137.5	54.5	10.9	11	1254.5	104.5	12
1982	0.6	22.2	1.1	32.3	24.5	68.9	75.3	44.5	105.1	54.5	12.4	2.6	444	37	12
1983	0.7	20.8	10.3	0	0	74.8	247.3	74.7	149.1	33.9	31.7	32.6	675.9	56.3	12
1984	1.2	0.2	30.8	0	112.7	215.8	147.5	131.7	171.9		12	14.7	838.5	76.2	11
1991	2	0.6	0	21.3	53.1	123.3	93.8	74.6	140.5	156.1	3.1	12.7	681.1	56.8	12
1992	12	11.6	31.4	21.2	63.4	143.9	40.9	147.8	240	24.2	1.9	0.2	738.5	61.5	12
1993	9	1.3	0.7	1.2	74.1	295.3	67.4	169.7	32.5	76.3	1.8	1.1	730.4	60.9	12
1997			1.9	81.3	5.65	65.9	96.62	13.9	115.71				380.98	54.4	7
2000	0	0	0	21.7	49.8	165.8	54.9	105.4	66.8				464.4	51.6	9
2001	2.01	11.01	0	1	50	122	201.45	192.02	188	122	16		905.49	82.3	11
2002	0	1.4	0.3	0	23	125.71	107.22	85.6	212.21	15.6	24.3		595.34	54.1	11
2003	3.01	0	0	56.01	29.5	249	53.5	86.01	203	123.01	84.5	2.02	889.56	74.1	12
2004	12.51	0	10	43	50	150.02	96.5	70.5	72.5	136.51	13.5	4	659.04	54.9	12
2005	6	4.5	1	41	56.5	153	171.5	207.5	177	360	27.5	10	1215.5	101.3	12
2006	17.5	0	2	0.2	111.5	88.52	173.01	159.02	153.51	49	78.01	21.01	853.28	71.1	12
2007	8.02	20.5	2.01	20	70	113	120	144	110.53	82	41	4.5	735.56	61.3	12
2008	29	1	0	44.5	45.5	156	152.53	87.02	282.51	52	5.52	2	857.58	71.5	12
2009	7.01	18	34.6	10	105.5	126	119.52	96	270.51	75.51	20.01	11.02	893.68	74.5	12
2010	16.02	16	0	39	2	129.01	262.52	574.54	656.5	56.02	12.01	0.01	1763.63	147	12
2012	37	8.5	25.5	73	28.5	141.5	157.01	302	163.03	140	15.01	10.01	1101.06	91.8	12
2013	0	6.51	4	17.51	41.51	109.2	132	190	229.51	110.01	79.5	12	931.75	77.6	12
2014	0	0	3.51	25.5	169.51	151.54	103.54	55.03	184.02	114.52	5.02	12	824.19	68.7	12
2015	23.5	0.01	36.02	51	89.51	140.51	118	134	202.01	214.02	112.01	7	1127.59	94	12
2016	6	7.01	7	64.5	36	174.51	105.01	124.01	231.01	62	23.01	88	928.06	77.3	12
2017	4.01	1	6	53.5	52.5	112.5	145.8	194.3	337.5	219	18	2.01	1146.12	95.5	12
2019	4	5	11.5	14.5	63.52	91.5	61.61	43	119.51	149.5	57.31	2	622.95	51.9	12
2020	3	7.01	0	40	18.5	136	144.5	212.01	238.5	38.5	98	0.01	936.03	78	12
2021	30.01	1	0	15.5	153	190.5	169.5	105.5	59	102	5.5	0	831.51	69.3	12
2022	9.5	1.5	10	9	27.5	181	135.5	221.5	365.5	106.01	44	10	1121.01	93.4	12
2023	0	8.5	3.5	2.5	52.5	88.5	86.5	255.5	51.51	72.9	36.5	3.5	661.91	55.2	12
2024	15	9	11.5	20.5	12.01	255	188.5	98	95.01	111	22.01	3	840.53	70	12
2025	6.01	18	8	0	95.5	249	100.5	71.51	182	138.01	77.5	77.01	1023.04	85.3	12
2026	18												18	18	1
MÍNIMA	0	0	0	0	0	63.9	15.9	11.5	12.3	0	0	0	18	18	1
MÁXIMA	37	22.2	39	129.5	207.5	448.9	388	574.54	656.5	360	112.01	88	1763.63	147	12
MEDIA	7.4	5.7	7.6	27	50.2	154	137.2	131.3	168.6	84.9	24.9	12.5	791.2	67.7	11.6
DESV.ST	9.3	7.2	11.3	27.4	43.8	71.1	73.4	96.3	102.5	63.4	27.6	18.8	273	22.5	1.6

EVAPORACIÓN MENSUAL
AÑO	ENE	FEB	MAR	ABR	MAY	JUN	JUL	AGO	SEP	OCT	NOV	DIC	ACUM	PROM	MESES
2012									91.35	87.53	21.45	30.18	230.51	57.6	4
2014	10.3	11.62	15.6	35.37	53.64	78.51	35.91	56.7	92.5	18.98	32.92	104.1	546.15	45.5	12
2017	79.3	71.74	100.3	108.05	65.82	45.24	57.69	72.31	54.3	60.15	76.1	63.5	854.5	71.2	12
2019	73.1	76.81	110.44	93.65	99.9	78.55	36.86	56.83	61.53	60.85	52.2	78.22	878.94	73.2	12
2020	52.05	72.9	69	114.1	82.01	64.4	55	73.63	77.6	83.6	65.1	68.89	878.28	73.2	12
2021	70.72	94.58	113.9	115.3	68.8	38.25	57.76	54.15	1.3	30.55	41.1	94.85	781.26	65.1	12
2022	90.2	64.8	85.15	111.9	71.7	89.32	83.93	64.4	59.6	54.33	74.5	41.2	891.03	74.3	12
2025			131.1				78.2	62.41	108.7			83.11	463.52	92.7	5
2026	78.8												78.8	78.8	1
MÍNIMA	10.3	11.62	15.6	35.37	53.64	38.25	35.91	54.15	1.3	18.98	21.45	30.18	78.8	45.5	1
MÁXIMA	90.2	94.58	131.1	115.3	99.9	89.32	83.93	73.63	108.7	87.53	76.1	104.1	891.03	92.7	12
MEDIA	64.9	65.4	89.4	96.4	73.6	65.7	57.9	62.9	68.4	56.6	51.9	70.5	622.6	70.2	9.1
DESV.ST	26.7	28.2	38.3	30.9	15.8	20.3	18.4	7.7	33	25.2	21.1	25.3	308.8	13.3	4.5

TEMPERATURA MÁXIMA PROMEDIO
AÑO	ENE	FEB	MAR	ABR	MAY	JUN	JUL	AGO	SEP	OCT	NOV	DIC	ACUM	PROM	MESES
1955				27	27.6	24.2	20.2	23.3	21.8	20	22.7	20.4		23	9
1956	20.8	26.7	27.2	29.5	22.7	21.2	21.2	22.4	21.3	21.6	20.2	21.6		23	12
1957	23	24.8	27.4	28.8	28.3	26.2	22	22.8	22.4	23.4	25.5	21.1		24.6	12
1958	21.8	23.6	29.8	29.7	27.1	24.2	21.7	23.3	23.1	22.6	22.9	18.4		24	12
1959	21.8	23.5	27.5	26.3	25.9	23.9	22.8	23	23.7	23.4	21.9	21.7		23.8	12
1960	20.3	21.2	20.6	23.5	26	23.8	22.2	22.7	21.9	22.9	21.1	20		22.2	12
1961	21.3	24.8	28	28.8	26.7	24.6	20.5	21.3	21.9	22.1	22.4	22.5		23.7	12
1962	24.6	26.4	29	26.2	26.7	25	22.1	23.4	21.6	21.6	21.1	21.2		24.1	12
1963	23.6	23.6	25.8	28.7	25.9	27.2	21.3	21.8	20.6	20.5	21.6	20.4		23.4	12
1964	23.7	24.8	27.8	30.4	26.4	22.1	21.3	22.9	21.5	20.6	22.4	19.7		23.6	12
1965		23.6	25.1	26.8	27.2	24.4	22.8	20.8	22	19.1	20.4	19.5		22.9	11
1966	21.5	23.4	24.1	26.8	25.7	22.6	21.9	22.2	21.8	20	18.1	20.9		22.4	12
1967	20.8	22.8	24.8	25.2	26.2	23.6	21.5	21.7	21.6	19.5	20.9	21.7		22.5	12
1968	19.9	20.5	24.6	26.8	26.2	23.5	20.3	20.5	20.7	20.2	22.7	21.8		22.3	12
1969	22.5	25	26.9	28.2	27.5	26.2	21.8	20.5	19.6	21.8	21.6	22.4		23.7	12
1970	22.1	21.7	27.9	30.4	26.8	23.4	21.1	21.5	20.4	22	20.1	21.9		23.3	12
1971	22.7	24.2	25.3	25.7	27.7	23.1	20.7	20.7	22	21.7	20	20.7		22.9	12
1972	21	22.9	25.5	28	27.3	23.3	21.3	20.5	21.6	21.6	23.4	21.4		23.1	12
1973	23.3	24.1	30.8	28	27.3	24.9	22.2	20.9	22.7	20.4	22.1	20.8		24	12
1974	22.6	23.1	26.4	28.3	28.6	23.4	21.5	23	21.9	18.1	20.8	21.7		23.3	12
1975	21.5	24.6	30.5	32.9	29.7	25.1	23.1	22.7	22.9	22.2	24.3	24		25.3	12
1976	22.2	25.8	30.2	30.5	29.6	26	24.2	24	24.7	25.8	23.4	24.9		25.9	12
1977	26.4	28	32.2	29.7	30.6	26.6	24.1	25.6	26	24.9	26.3	25.6		27.2	12
1978	27.9	27.6	31.4	33.7	31.6	23.3	23.3	24	23.9	22.2	24.1	25.3		26.5	12
1979	25.3	27.2	30.1	31.5	29.6	24.6	25.1	21.5	23	26.8	23.4	23.5		26	12
1980	27.4	29.4	33.6	31.7	32.1	26.3	25.4	24.5	22.6	24.5	23.8	22		26.9	12
1981	25	25.6	30.8	30	32	23.5	23.8	23	23.8	23.2	24.1	25.9		25.9	12
1982	27.7	27.3	31.5	31.8	29.9	27.9	23.6	25.4	23.1	23.7	26.7	26.5		27.1	12
1983	26.1	28.3	31.9	34.1	33.3	30	23.3	25.3	23.6	24.5	26.6	23.4		27.5	12
1984	26.1	28.4	33.4	34.9	29.4	24.3	21.8	22.8	21.6		25.2	23.8		26.5	11
1991	27.5	28.6	33.3	34.5	32.8	27.2	24.8	24.9	22.7	23.6	22.3	23.1		27.1	12
1992	23.8	28.8	33.6	30.2	28.5	25.7	24.2	24.3	21.9	22.9	23.8	24.1		26	12
1993	24.8	28.7	30.7	30.9	29.3	26.1	24.1	22.8	24	24.3	24.4	25.5		26.3	12
1997			29	29.4	27	27.5	23.7	25	23.8					26.5	7
2000	26.4	28.2	30.9	31.4	28	24.3	25.4	24.3	23.2					26.9	9
2001	25.9	25	30.4	30.3	29.6	25.2	24.9	24.2	23.6	23.5	23.2			26	11
2002	26.7	26.7	31	31.9	31	26	24.8	24.8	25.7	26.2	23.5			27.1	11
2003	23.8	31.8	32.8	32.6	29.8	24.8	23.4	24.6	25.6	25.2	23.3	23.6		26.8	12
2004	24.7	29.7	28.6	31.1	27.5	24.1	25.1	26.3	26	26	27.2	25.9		26.9	12
2005	27	29.4	32.6	32.1	29.7	27.6	24.4	23.6	23.3	24.1	24	26.9		27.1	12
2006	26.3	26.9	30	30.9	27	23.8	22.8	24.2	24.5	25.4	24	25.3		25.9	12
2007	25.2	28.4	29.1	29.6	27.8	25.5	24.3	23.2	24.3	23.5	22.7	25.8		25.8	12
2008	26	30	30.2	30.6	28.2	23.6	21.7	23.5	21.6	21	23.4	25.5		25.4	12
2009	25.1	27	29.6	32.6	29.2	27.1	25.6	24.2	23.8	26.3	22.9	26.2		26.6	12
2010	22.1	27.1	32.6	33.1	33.2	26.5	23.2	21.5	21.2	23.6	24.2	24.2		26	12
2012	24.1	26.9	29.6	29	28	24.3	22.7	24.3	22.8	22.3	21.5	25.1		25	12
2013	25.1	30.1	27.9	32.6	27.9	24.9	22.6	21.7	22.4	21.8	20.3	23		25	12
2014	23.5	29.9	30.1	29.8	25	22	22.2	23.4	21	20.6	23.2	23.2		24.5	12
2015	23	26.9	25.2	28.8	26.9	23.2	23	24	23.4	23.6	21.7	23.7		24.4	12
2016	23.5	23.4	32.8	31	30.5	24.4	23.5	23.8	23.6	22	24.2	24.6		25.6	12
2017	25.4	28.3	28.2	30	30.2	22.7	22.1	23.3	21.3	20.8	23.9	24.5		25.1	12
2019	24.7	28.9	29.7	28.9	30.8	23.9	24.2	26.2	24.2	23	21.4	24.5		25.9	12
2020	25.1	25.5	29.3	30.9	28.5	23.7	23.2	21.8	21.2	21.9	20.5	24.3		24.7	12
2021	22.6	28	29	29.3	25.2	21.1	21.9	21.6	21	20.8	21.2	21.6		23.6	12
2022	25.3	25.7	30.4	30.4	28.9	21.5	22.1	21.3	18	23	26.1	22.2		24.6	12
2023	25.7	26.6	30.7	31.3	28.9	27.3	22.4	22.5	25.2	23.7	22	23.6		25.8	12
2024	28.3	30.7	32.3	31	32.4	25.9	22.3	21.7	22.2	19.4	24.2	23.2		26.1	12
2025	24.5	25.8	30.6	29.1	27.9	20	21.5	22	21	20.6	20.9	20.6		23.7	12
2026	21.2													21.2	1
MÍNIMA	19.9	20.5	20.6	23.5	22.7	20	20.2	20.5	18	18.1	18.1	18.4		21.2	1
MÁXIMA	28.3	31.8	33.6	34.9	33.3	30	25.6	26.3	26	26.8	27.2	26.9		27.5	12
MEDIA	24.1	26.4	29.3	30	28.5	24.6	22.8	23.1	22.6	22.5	22.9	23.1		25	11.6
DESV.ST	2.2	2.6	2.8	2.4	2.2	1.9	1.4	1.5	1.6	2	1.9	2.1		1.6	1.6

TEMPERATURA MÁXIMA EXTREMA
AÑO	ENE	FEB	MAR	ABR	MAY	JUN	JUL	AGO	SEP	OCT	NOV	DIC	ACUM	PROM	MESES
1955				28	32	29	25	28.5	28	25	27	27		27.7	9
1956	26	30.5	31.5	32	30	26.5	25	26	25.5	27	28	26		27.8	12
1957	26.5	30	33.5	32	33	31.5	29	26	27	29	29	25		29.3	12
1958	27	28.5	34	34.5	33	28.5	25	27.5	26.5	26.5	28	23.5		28.5	12
1959	27	28.5	36	30	30	29	31.5	26	28.5	27	26	27.5		28.9	12
1960	25.5	25.5	26.5	28	30	29	25.5	24	23.5	31	26	25.5		26.7	12
1961	27	30	33.5	33	31.5	30.5	25	26	27	25	26	29		28.6	12
1962	29	34	34	32	32	33	26.5	26.5	25.5	29	27	25.5		29.5	12
1963	27.5	29	30.5	32	30	30.5	25	24.5	24.5	23.5	26.5	27.5		27.6	12
1964	30	32	34	36.5	35.5	26.5	25	30	24	26	26.5	25		29.2	12
1965		29	30	31	30	31	29	27	27	25	25	25		28.1	11
1966	26.5	30	29.5	32	31	29	26	26	26	25	25	26		27.7	12
1967	27	28	29	30	30	32	33	24.5	27	23	26	27		28	12
1968	24	28	30	31	30	29	24	24	28	26	28	28		27.5	12
1969	27	31	36	35	36	33	26	29	24	26	26	29		29.8	12
1970	27	29	33	34	31	28	27	25	23	26.5	25	26		27.9	12
1971	27	29	30	36	35	29	29	26	27	25	27.5	26		28.9	12
1972	25	29	32	34	32	29	32	26	25	27	27	27		28.8	12
1973	29	29	36	33	35	29	30	29	26	25	26	26		29.4	12
1974	26	31	34	32	34	31	28	27	27	24	24	25		28.6	12
1975	25	29.5	37	37	35	34	28	27	28	28	29	28		30.5	12
1976	30	31	34	34	34	34	31	28	30	31	36	29		31.8	12
1977	31	32	38	38	33	30	31	29	30	30	31	32		32.1	12
1978	33	33	37	39	38	36	29	28.5	29	28	29	31		32.5	12
1979	32	35.5	37	36	36	31	30	30	28	31	30	31		32.3	12
1980	31.5	35.5	38	38	37	33	29	30	28	31	28	28		32.2	12
1981	30	38	35	36	36	31	29	37	29	28.5	29	32.5		32.6	12
1982	31.5	31.5	35	36	37	34.5	27	29	30	30	32	31		32	12
1983	34.5	35.5	36.5	39	39	36.5	28.5	30	28.5	32	32	31		33.6	12
1984	32.5	35	39	39	37.5	30	26	27.5	26		30	29		32	11
1991	34	36	39	38	39	34	29	30	28	29	29	29		32.8	12
1992	29	35	38	34	36	30	29	30	26	28	29	29		31.1	12
1993	31	34	34	34	33	34	28	28	29	30	30	29		31.2	12
1997			38	34	35	39	28	28	30					33.1	7
2000	30	32	36	36	32	28	29	27	29					31	9
2001	33	32	37	36	37	30	29	28	29	28	27			31.5	11
2002	30	32	36	35	36	30	30	29	30	31	29			31.6	11
2003	30	35	38	36	35	30	27	29	31	30	30	31		31.8	12
2004	31	35	36	36	33	29	31	29	31	32	33	32		32.3	12
2005	32	34	37	37	33	35	30	29	27	29	30	34		32.2	12
2006	32	34	35	35	32	28	27	28	29	31	37	32		31.7	12
2007	32	35	35	34	32	30	28	27	30	31	31	32		31.4	12
2008	33	35	35	37	36	31	28	28	31	28	30	29		31.8	12
2009	32	35	36	38	37	33	31	30	30	32	31	32		33.1	12
2010	35	34	38	38	38	37	29	28	27	31	29	30		32.8	12
2012	32	33	36	34	35	31	29	29	28	30	28	32		31.4	12
2013	32	36	35	38	35	31	27	27	28	28	29	31		31.4	12
2014	31	32	35	36	33	27	26	27	30	28	29	30		30.3	12
2015	32	33	33	34	33	27	29	29	29	31	29	30		30.8	12
2016	30	33	36	36	35	31	28	29	28	30	31	31		31.5	12
2017	32	33	36	37	34	29	27	28	28	28	29	29		30.8	12
2019	34	35	36	35	35	29	27	31	33	30	30	30		32.1	12
2020	31	32	36	35	34	32	27	28	28	30	29	29		30.9	12
2021	30	33	34	34	32	29	25	25	21	31	28	29		29.2	12
2022	32	33	35	35	34	28	27	25	21	31	30	28		29.9	12
2023	32	35	36	36	33	32	26	29	29	30	32	31		31.8	12
2024	34	38	37	36	36	34	27	26	29	25	28	30		31.7	12
2025	29	33	36	35	33	27	25	28	26	25	25	25		28.9	12
2026	28													28	1
MÍNIMA	24	25.5	26.5	28	30	26.5	24	24	21	23	24	23.5		26.7	1
MÁXIMA	35	38	39	39	39	39	33	37	33	32	37	34		33.6	12
MEDIA	30	32.4	34.9	34.8	34	30.8	27.9	27.8	27.6	28.3	28.7	28.8		30.5	11.6
DESV.ST	2.8	2.8	2.7	2.6	2.5	2.8	2.1	2.1	2.4	2.5	2.5	2.5		1.8	1.6

TEMPERATURA MÍNIMA PROMEDIO
AÑO	ENE	FEB	MAR	ABR	MAY	JUN	JUL	AGO	SEP	OCT	NOV	DIC	ACUM	PROM	MESES
1955				14.8	13.4	13.2	13.5	13.3	13.5	11.2	11.1	8.8		12.5	9
1956	7.6	10.7	10.9	13.7	12.5	12.7	12.4	12.7	12.4	10.5	9.4	9		11.2	12
1957	8.9	10.3	11.7	13	13.8	14.2	13.3	12.4	12.2	10.6	11.1	7.8		11.6	12
1958	8.1	8.8	13.1	14.3	13.5	14.4	12.8	12.3	13.6	12.8	11.3	10.1		12.1	12
1959	8.2	10.2	11.6	11.8	13.2	13.9	12.7	12.9	12.4	13.5	9.9	8.8		11.6	12
1960	7.3	9.4	9.6	11.6	13.3	13.8	12.7	11.3	11.8	13	10.3	8.9		11.1	12
1961	9	8.9	12.3	12.4	12.9	13.6	12.4	12	12.3	9.9	9.9	8.6		11.2	12
1962	10	9.8	11.6	11.7	12.2	13.4	13	12.4	13.1	11.5	8.3	8.9		11.3	12
1963	9.2	8.6	11	12.5	11.8	13.3	13	12.9	13.1	11.5	9.4	8.4		11.2	12
1964	9.1	10.1	12.7	13.2	13.2	13.4	12.9	12.1	12.9	10.2	9.7	9.4		11.6	12
1965		9.4	12.1	12.7	13.2	13.8	12.5	12.9	13.2	11.9	10	10.1		12	11
1966	8.7	10.6	10.2	13.2	13.4	13.3	13	12.8	12.9	11.9	7.8	8.5		11.4	12
1967	8.3	8.9	9.7	11.8	12.8	13.2	12.4	12.6	12.6	11.3	9.3	10.2		11.1	12
1968	8	7.4	8.5	12	13.1	13.4	12.4	12.1	12.7	11.6	10.7	9.9		11	12
1969	9	11.1	12.3	13.4	13.6	14.1	13.2	13.7	13.1	12.1	9.8	9.8		12.1	12
1970	9.3	8	12	13.9	12.7	13.2	12.7	12.8	13	12.2	8.5	8.5		11.4	12
1971	9	9.3	10.9	12	13.5	12.9	12.2	12.1	12.8	12.1	10.1	10		11.4	12
1972	9.3	8.3	11.3	13	13.8	13.8	12.7	12	12.5	11.7	12.4	9.3		11.7	12
1973	8.6	10.3	13.9	13.4	14	13.7	12.9	13	13.3	11.9	10.5	9		12	12
1974	9.6	9.4	10.9	12.1	13.4	13	12.2	12.7	13.2	10.8	9.8	9.9		11.4	12
1975	9.3	10.9	12.5	13.4	13.7	12.9	11.9	12.5	11.8	10.9	9.1	8.4		11.4	12
1976	7.6	7.5	10.7	11.7	12.1	12.9	12.4	12.1	12.6	11.9	10.6	9.4		11	12
1977	8.8	9.2	11.5	11.1	13	12.5	12.7	12.4	12.9	11.3	10.7	10		11.3	12
1978	8.7	9.6	10.5	12.5	14.3	13.4	12.9	12.5	12.7	11.2	10.6	10.4		11.6	12
1979	8.3	9.6	11.5	12.9	13.5	12.8	13	12.7	12.8	10.7	9.8	9.4		11.4	12
1980	9.4	8.8	11.8	12	14.3	13	12.7	13.4	13.3	11.7	9.8	7.5		11.5	12
1981	7.6	9.4	11.1	11.6	13.8	14.3	13	13	12.7	12	8.4	10.2		11.4	12
1982	9.5	10.1	11.3	12.5	13.5	13.6	12.9	12.4	13.1	11.6	10	9.5		11.7	12
1983	8.2	9.6	11.3	13.9	14.9	14.8	14	13	13.6	11.5	11.8	10.1		12.2	12
1984	8.7	9.7	11	13.9	13	12.6	12.5	12	12.8		7.9	8.7		11.2	11
1991	9.7	9.4	11.3	12.9	13.5	13.7	12.7	12.4	12.6	11.7	9	8.9		11.5	12
1992	9.1	8.3	11.6	11.9	11.8	13.1	12.5	12.5	13	12.1	11.4	9.5		11.4	12
1993	9.5	9.4	9.9	11.8	12.3	13.8	12.8	11.9	12.8	11.2	10.5	8.8		11.2	12
1997			11.1	12.7	12.9	13.4	13.6	12.9	13.5					12.9	7
2000	4.9	5.8	8.6	4.8	10.3	11.2	9.5	9.9	10.7					8.4	9
2001	5.9	5.9	9.3	12.9	13.7	10.3	14	14.1	14	13.1	10.3			11.2	11
2002	6.6	8.5	11.3	12.5	13.4	14.7	13.7	13.5	14.9	13.6	9.1			12	11
2003	8.5	10.7	12.9	13.4	14.8	14.8	13.4	13.7	14.5	13.6	11.1	8.3		12.5	12
2004	10	10.3	12.1	12.5	13.5	14.3	13.5	13.7	14.1	13.9	10.8	9.3		12.3	12
2005	8.7	11.1	13.9	13.3	13.9	15.4	14.4	14.4	13.2	12.7	10.8	11.4		12.8	12
2006	9.5	9	11	12.4	14.1	13.8	13.9	14.1	14.3	13.5	10.5	10.5		12.2	12
2007	10.7	10.6	10.5	13.3	13.7	14	14	13.9	13.9	12.1	10.1	10.1		12.2	12
2008	8.4	9.4	10.6	12.3	12.8	13	12.4	12.5	12.8	10.4	8.1	7.3		10.8	12
2009	7.3	7.8	9	12.6	13.2	12.8	12.1	12.2	13.2	12	9.1	9.3		10.9	12
2010	8.2	8.8	10.6	12.9	13.6	13.7	12.9	12.9	12.8	8.6	8.2	5.6		10.7	12
2012	8.4	9.4	9.7	11	12.3	12.5	11.6	11.9	11.8	10.1	7.5	7.3		10.3	12
2013	7.6	9.8	8.6	12.6	12.4	12.5	11.5	11.5	12.4	11	9.7	8.6		10.7	12
2014	6.3	8.7	11	11.6	11.7	12.6	11.8	11.3	12.2	10.5	8.9	7.5		10.3	12
2015	7	7.4	9.2	12.1	12.4	12.1	11.5	11.9	12.2	10.9	10.9	9.7		10.6	12
2016	8.1	7.1	11.7	11.6	13	12.4	12.2	12.2	11.9	10.3	8.7	9.7		10.7	12
2017	7.3	8.6	9.6	11.1	12.9	12.4	11.8	11.9	12.5	11.2	7.9	6.7		10.3	12
2019	7.4	10.3	9.9	11.2	13.6	12.7	11.2	11.8	11.7	11.7	9.8	8.8		10.8	12
2020	9	9.5	10.2	13.1	12.7	12.5	12.3	12.3	12.5	10	9.3	8.5		11	12
2021	9.2	8.4	10.4	11.9	12.4	11.9	11.4	11.8	10	11.1	7.4	10.1		10.5	12
2022	7.8	7.7	9.1	11.1	12.4	11.5	11.3	11.6	11.5	10.8	10	7.7		10.2	12
2023	7.5	7.6	10.3	11.8	11.4	13	12.7	12.2	12	11.7	10.3	7.2		10.6	12
2024	9.8	9.1	12.6	12.8	15	13.6	12.6	12.5	12.9	11.5	8.8	8		11.6	12
2025	8.7	9.9	11.3	11	12.8	12.8	11.8	11.8	12.5	11.2	9.5	8.8		11	12
2026	7.5													7.5	1
MÍNIMA	4.9	5.8	8.5	4.8	10.3	10.3	9.5	9.9	10	8.6	7.4	5.6		7.5	1
MÁXIMA	10.7	11.1	13.9	14.8	15	15.4	14.4	14.4	14.9	13.9	12.4	11.4		12.9	12
MEDIA	8.4	9.2	11	12.4	13.1	13.2	12.6	12.5	12.8	11.6	9.7	9		11.3	11.6
DESV.ST	1.1	1.2	1.2	1.3	0.9	0.9	0.8	0.8	0.8	1	1.1	1.1		0.9	1.6

TEMPERATURA MÍNIMA EXTREMA
AÑO	ENE	FEB	MAR	ABR	MAY	JUN	JUL	AGO	SEP	OCT	NOV	DIC	ACUM	PROM	MESES
1955				14.5	10	10	12	12	11	6	8.5	4		9.8	9
1956	0.5	7.5	6.5	11	10	10.5	9.5	10	10	5	7	3.5		7.6	12
1957	6	8	9.5	10	11.5	9	10	10.5	9	7	8	4		8.5	12
1958	4	4.5	8.5	10	9.5	12.5	10	10	12	8.5	7.5	6		8.6	12
1959	5.5	7.5	8.5	8.5	10	10	11	10	8.5	12.5	7	4.5		8.6	12
1960	3.5	4.5	4.5	10.5	10	10.5	11	10	10	10	7	5		8	12
1961	6.5	4	6	8.5	10	11	10	10	10.5	7.5	7.5	6		8.1	12
1962	6	5	8.5	7	7	10.5	10	11	11	9	4	7		8	12
1963	6	2.5	8.5	8	9	11	10.5	11.5	11.5	8	5	3.5		7.9	12
1964	2.5	5.5	8.5	10	8.5	12	11.5	10	12	7.5	6	7		8.4	12
1965		4	5	9	10	11	10	10.5	11	6	7	7		8.2	11
1966	1	7	6	9	11.5	11	11	9	11	6	4	4		7.5	12
1967	4	4	7	8	9	11	10	11	0.9	6	5	5		6.7	12
1968	6	0	4	6	10.5	11	11	10	10	7	7	5		7.3	12
1969	7	7	8	9	9	10.5	11	13	11	8	5	6		8.7	12
1970	4	4	7	10.5	8	10	10	11	12	9	5	6		8	12
1971	6	5	6	5	11	10	11	10.5	10	9	4	4		7.6	12
1972	5	1	7	11	11	12	10	10.5	8	9	11	5		8.4	12
1973	1	4	8	8	10.5	11	11	10.5	10	10	6	4		7.8	12
1974	6	6	5	8	11	10	10	10	9	7	4	7		7.8	12
1975	5	5	8	9	11	11	9.5	11	7	6	5	4		7.6	12
1976	2	2	9	9	9	10	9	10	12	8	6	6		7.7	12
1977	6	6	5	6	9	9	11	8.5	11	7	4	3		7.1	12
1978	5	5	4	8	11.5	11	11	9	10.5	7	8	6		8	12
1979	3	6	9	9	11	10	10.5	9	8	6	6	0		7.3	12
1980	6	5	4	8	11	10	10	11	11	7	6	2.5		7.6	12
1981	3	4	6	8	11	11.5	11	11	11.5	9	4	8		8.2	12
1982	5.5	5.5	6	10	11	11	10.5	10	10.5	0.5	4.5	4		7.4	12
1983	4	5	6.5	9	13	11	11	11	10	7.5	9.5	5		8.5	12
1984	3	5.5	6	9.5	10	10	10	8.5	10		1	4		7	11
1991	7	5	5	6	12	11	10	9	10	7	4	6		7.7	12
1992	6	5	9	10	5	3	9	10	12	10	6	7		7.7	12
1993	5	5	0	8	9	10	10	8	11	8	7	5		7.2	12
1997			0.8	12	10	10	12	11	12					9.7	7
2000	3	3	5	0.3	0.9	9	8	7	9					5	9
2001	1	2	5	10	10	5	11	12	12	9	8			7.7	11
2002	2	5	7	10	10	13	12	12	13	10	3			8.8	11
2003	5	8	4	4	13	13	11	12	13	10	8	4		8.8	12
2004	7	5	8	5	11	12	11	12	12	11	7	6		8.9	12
2005	5	9	11	8	11	14	11	9	9	10	8	8		9.4	12
2006	3	6	8	8	12	12	9	12	13	7	4	6		8.3	12
2007	8	6	7	9	11	11	12	11	12	8	7	8		9.2	12
2008	5	6	6	6	9	11	11	11	11	7	6	3		7.7	12
2009	4	3	4	8	10	9	10	9	12	9	6	4		7.3	12
2010	4	4	6	10	11	11	9	10	9	5	3	1		6.9	12
2012	5	7	5	7	10	9	10	10	9	7	5	4		7.3	12
2013	4	6	2	7	8	11	9	10	10	8	5	6		7.2	12
2014	3	6	6	6	8	11	10	9	11	6	3	5		7	12
2015	3	3	7	8	10	10	9	11	11	7	8	7		7.8	12
2016	4	3	9	8	11	11	11	10	8	8	3	6		7.7	12
2017	4	5	7	8	11	10	10	10	8	7	4	-2		6.8	12
2019	5	8	6	8	11	11	10	10	10	11	7	6		8.6	12
2020	5	5	7	11	10	10	11	11	10	7	8	5		8.3	12
2021	6	2	7	7	10	11	10	11	10	9	5	8		8	12
2022	6	5	5	7	10	9	10	10	9	8	8	5		7.7	12
2023	5	4	8	10	10	12	12	11	10	8	8	1		8.2	12
2024	6	6	9	8	13	12	12	11	12	8	5	6		9	12
2025	4	8	7	6	11	11	11	10	11	8	6	6		8.2	12
2026	5													5	1
MÍNIMA	0.5	0	0	0.3	0.9	3	8	7	0.9	0.5	1	-2		5	1
MÁXIMA	8	9	11	14.5	13	14	12	13	13	12.5	11	8		9.8	12
MEDIA	4.5	5	6.4	8.3	10	10.5	10.4	10.3	10.3	7.8	5.9	4.9		7.9	11.6
DESV.ST	1.7	1.8	2.1	2.1	1.9	1.6	0.9	1.1	1.9	1.8	1.9	2		0.9	1.6

TEMPERATURA MEDIA MENSUAL
AÑO	ENE	FEB	MAR	ABR	MAY	JUN	JUL	AGO	SEP	OCT	NOV	DIC	ACUM	PROM	MESES
1955				20.9	20.5	18.7	16.9	18.3	17.6	15.6	16.9	14.6		17.8	9
1956	14.2	18.7	19	21.6	17.6	17	16.8	17.5	16.9	16	14.8	15.3		17.1	12
1957	15.9	17.6	19.5	20.9	21	20.2	17.6	17.6	17.3	17	18.3	14.5		18.1	12
1958	14.9	16.2	21.4	22	20.3	19.3	17.2	17.8	18.4	17.7	17.1	14.2		18	12
1959	15	16.9	19.6	19	19.5	18.9	17.8	18	18	18.4	15.9	15.2		17.7	12
1960	13.8	15.3	15.1	17.6	19.6	18.8	17.4	17	16.9	18	15.7	14.4		16.6	12
1961	15.2	16.9	20.1	20.6	19.8	19.1	16.4	16.6	17.1	16	16.1	15.6		17.5	12
1962	17.3	18.1	20.3	19	19.4	19.2	17.6	17.9	17.4	16.6	14.7	15.1		17.7	12
1963	16.4	16.1	18.4	20.6	18.9	20.2	17.1	17.4	16.9	16	15.5	14.4		17.3	12
1964	16.4	17.4	20.2	21.8	19.8	17.8	17.1	17.5	17.2	15.4	16	14.6		17.6	12
1965		16.5	18.6	19.8	20.2	19.1	17.6	16.9	17.6	15.5	15.2	14.8		17.4	11
1966	15.1	17	17.1	20	19.6	18	17.4	17.5	17.4	15.9	13	14.7		16.9	12
1967	14.6	15.9	17.2	18.5	19.5	18.4	17	17.1	17.1	15.4	15.1	15.9		16.8	12
1968	13.9	13.9	16.6	19.4	19.6	18.4	16.4	16.3	16.7	15.9	16.7	15.9		16.6	12
1969	15.8	18	19.6	20.8	20.6	20.1	17.5	17.1	16.4	17	15.7	16.1		17.9	12
1970	15.7	14.8	20	22.1	19.8	18.3	16.9	17.1	16.7	17.1	14.3	15.2		17.3	12
1971	15.8	16.8	18.1	18.9	20.6	18	16.4	16.4	17.4	16.9	15.1	15.3		17.1	12
1972	15.2	15.6	18.4	20.5	20.6	18.6	17	16.2	17	16.6	17.9	15.3		17.4	12
1973	15.9	17.2	22.4	20.7	20.6	19.3	17.6	17	18	16.1	16.3	14.9		18	12
1974	16.1	16.2	18.6	20.2	21	18.2	16.9	17.9	17.5	14.5	15.3	15.8		17.4	12
1975	15.4	17.8	21.5	23.1	21.7	19	17.5	17.6	17.4	16.6	16.7	16.2		18.4	12
1976	14.9	16.6	20.4	21.1	20.9	19.4	18.3	18	18.6	18.9	17	17.1		18.4	12
1977	17.6	18.6	21.9	20.4	21.8	19.6	18.4	19	19.4	18.1	18.5	17.8		19.3	12
1978	18.3	18.6	21	23.1	23	18.4	18.1	18.2	18.3	16.7	17.4	17.9		19.1	12
1979	16.8	18.4	20.8	22.2	21.6	18.7	19	17.1	17.9	18.8	16.6	16.4		18.7	12
1980	18.4	19.1	22.7	21.9	23.2	19.6	19	19	18	18.1	16.8	14.8		19.2	12
1981	16.3	17.5	21	20.8	22.9	18.9	18.4	18	18.2	17.6	16.2	18		18.6	12
1982	18.6	18.7	21.4	22.1	21.7	20.8	18.2	18.9	18.1	17.6	18.4	18		19.4	12
1983	17.1	19	21.6	24	24.1	22.4	18.6	19.1	18.6	18	19.2	16.8		19.9	12
1984	17.4	19	22.2	24.4	21.2	18.4	17.1	17.4	17.2		16.6	16.2		18.8	11
1991	18.6	19	22.3	23.7	23.1	20.4	18.8	18.6	17.6	17.6	15.7	16		19.3	12
1992	16.4	18.6	22.6	21	20.1	19.4	18.4	18.4	17.4	17.5	17.6	16.8		18.7	12
1993	17.1	19	20.3	21.4	20.8	20	18.5	17.4	18.4	17.8	17.4	17.1		18.8	12
1997			20	21	20	20.4	18.6	19	18.6					19.7	7
2000	15.6	17	19.8	18.1	19.1	17.8	17.4	17.1	17					17.7	9
2001	15.9	15.4	19.9	21.6	21.6	17.8	19.4	19.1	18.8	18.3	16.8			18.6	11
2002	16.6	17.6	21.1	22.2	22.2	20.4	19.2	19.1	20.3	19.9	16.3			19.5	11
2003	16.1	21.2	22.8	23	22.3	19.8	18.4	19.1	20	19.4	17.2	16		19.6	12
2004	17.4	20	20.4	21.8	20.5	19.2	19.3	20	20	20	19	17.6		19.6	12
2005	17.9	20.2	23.2	22.7	21.8	21.5	19.4	19	18.2	18.4	17.4	19.1		19.9	12
2006	17.9	18	20.5	21.6	20.6	18.8	18.4	19.1	19.4	19.4	17.2	17.9		19.1	12
2007	18	19.5	19.8	21.5	20.8	19.8	19.1	18.6	19.1	17.8	16.4	18		19	12
2008	17.2	19.7	20.4	21.5	20.5	18.3	17	18	17.2	15.7	15.8	16.4		18.1	12
2009	16.2	17.4	19.3	22.6	21.2	20	18.9	18.2	18.5	19.1	16	17.8		18.8	12
2010	15.2	18	21.6	23	23.4	20.1	18	17.2	17	16.1	16.2	14.9		18.4	12
2012	16.2	18.1	19.6	20	20.1	18.4	17.1	18.1	17.3	16.2	14.5	16.2		17.6	12
2013	16.4	20	18.2	22.6	20.1	18.7	17	16.6	17.4	16.4	15	15.8		17.9	12
2014	14.9	19.3	20.6	20.7	18.4	17.3	17	17.4	16.6	15.6	16	15.3		17.4	12
2015	15	17.1	17.2	20.4	19.6	17.6	17.2	18	17.8	17.2	16.3	16.7		17.5	12
2016	15.8	15.2	22.2	21.3	21.8	18.4	17.9	18	17.8	16.1	16.4	17.1		18.2	12
2017	16.3	18.4	18.9	20.6	21.6	17.6	17	17.6	16.9	16	15.9	15.6		17.7	12
2019	16	19.6	19.8	20	22.2	18.3	17.7	19	18	17.4	15.6	16.6		18.4	12
2020	17	17.5	19.8	22	20.6	18.1	17.8	17	16.9	15.9	14.9	16.4		17.8	12
2021	15.9	18.2	19.7	20.6	18.8	16.5	16.6	16.7	15.5	15.9	14.3	15.9		17	12
2022	16.6	16.7	19.8	20.8	20.6	16.5	16.7	16.4	14.8	16.9	18	14.9		17.4	12
2023	16.6	17.1	20.5	21.6	20.1	20.1	17.5	17.4	18.6	17.7	16.1	15.4		18.2	12
2024	19	19.9	22.4	21.9	23.7	19.8	17.4	17.1	17.6	15.4	16.5	15.6		18.9	12
2025	16.6	17.9	21	20	20.4	16.4	16.6	16.9	16.8	15.9	15.2	14.7		17.4	12
2026	14.3													14.3	1
MÍNIMA	13.8	13.9	15.1	17.6	17.6	16.4	16.4	16.2	14.8	14.5	13	14.2		14.3	1
MÁXIMA	19	21.2	23.2	24.4	24.1	22.4	19.4	20	20.3	20	19.2	19.1		19.9	12
MEDIA	16.3	17.8	20.1	21.2	20.8	18.9	17.7	17.8	17.7	17	16.3	16		18.1	11.6
DESV.ST	1.2	1.5	1.7	1.4	1.4	1.2	0.8	0.9	1	1.3	1.2	1.2		1	1.6
