COMISIÓN NACIONAL DEL AGUA
COORDINACIÓN GENERAL DEL SERVICIO METEOROLÓGICO NACIONAL
BASE DE DATOS CLIMATOLÓGICA NACIONAL 

ESTADÍSTICA MENSUAL
EMISIÓN   : 13/02/2026 

DATOS DISPONIBLES EN LA BASE DE DATOS A: FEBRUARY DE 2026; 
CON LA INFORMACIÓN SUMINISTRADA POR LAS UNIDADES ADMINISTRATIVAS 

 ESTACIÓN  : 20044 
 NOMBRE    : JALAPA DEL VALLE 
 ESTADO    : OAXACA 
 MUNICIPIO : SAN FELIPE TEJALÁPAM 
 SITUACIÓN : OPERANDO 
 CVE-OMM   :   
 LATITUD   : 17.06583333 ° 
 LONGITUD  : -96.87833333 ° 
 ALTITUD   : 1742 msnm 


LLUVIA MÁXIMA 24 H.
AÑO	ENE	FEB	MAR	ABR	MAY	JUN	JUL	AGO	SEP	OCT	NOV	DIC	ACUM	PROM	MESES
1963												0	0	0	1
1964	2	0	4.5	8	45	40	24	29	34	2	11	1.2	200.7	16.7	12
1965	3	1	11	31	8.5	42	19	20	16	21	0	0	172.5	14.4	12
1966	1	3	8	46	12	39	27	50	19	23	0	2	230	19.2	12
1967	0	10	11	16.5	28	42	19	28	30	15	2	11	212.5	17.7	12
1968	13	6	7	16	23	23	15	17	25	35	0	9	189	15.8	12
1969	7.3	7	13	15	60	90	42	70	82	16	4	0	406.3	33.9	12
1970	2	2	0	2	6	44	41	30	30	5	28	4	194	16.2	12
1971	0	0	0	8	58	16	17	25	32	40	3		199	18.1	11
1972	0	2	9	22	22	39	48	41	23	3	27	0	236	19.7	12
1973	0	0	0	10	21	32	37	16	31	12	0	11	170	14.2	12
1974	0	0	18	44	16	37	34	22	22	2	0	0	195	16.2	12
1975	9	5	0	0	42	26	41	28	35	22	3	0	211	17.6	12
1976	0	4	0	22	20	30	48	9	27		7	0	167	15.2	11
1977	0	0	0	15	11	45	11	37	36	21	8	11	195	16.2	12
1978	0	3	7	0	10	40	20	20	58	24	0	12	194	16.2	12
1979	2	34	0		32	14	44	22	31	16	6	0	201	18.3	11
1980	2	0	5	44	16	35	30	29	50	25	11	0	247	20.6	12
1981	0	0	1	34	20	28	42.1	42	24	20	2	1.5	214.6	17.9	12
1982	0	20	8	40	50	15	17	11	26	26	0	0	213	17.8	12
1983	0	27	21	0	2	40	29	13	35	12	23	8	210	17.5	12
1984	3	2	10	0	12	21	15	26	18	9	0	0	116	9.7	12
1985	0	4	10	21	21	29	30	16	17	26	17	9	200	16.7	12
1986	0	7	0	27	40	17	45	20	23	60	0	0	239	19.9	12
1987	0	0	8	44	26	42	55	28	53	0	0	0	256	21.3	12
1988	0	0	0	6	47	22	13	66	41	9	0	0	204	17	12
1989	0												0	0	1
1990								6	13	0.5	0	0	19.5	3.9	5
1991	0	0	0	47	17	38	15	26	20	49	7	3	222	18.5	12
1992	9	18	5	12	21	12	22	40	19	48	20	2	228	19	12
1993	11	16	3	0	26	57	24	12	20	16	4	0	189	15.8	12
1994	0	0	0	10	35	30	30	20	63	5	8	0	201	16.8	12
1995	0	2	2	26	48	19	30	53	34	60	4.5	30	308.5	25.7	12
1996	0	0	65	14	31	82	16	27.5	23	44.5	0	0	303	25.2	12
1997	5.5	0	7	41	34	16	21.5	30	19.5	30.7	25	2	232.2	19.4	12
1998	1	0	0	0	0	39	37	36	108	31	18	0	270	22.5	12
1999	0	0	4	12	33	30	37	26	43	36	0	0	221	18.4	12
2000	0	0	4	20	54	30	23	26	26	6	0	3	192	16	12
2001	0	0	0.5	8	17	41	26	61	54	6	0		213.5	19.4	11
2002				4	16	42	14	19	28	24	0	0	147	16.3	9
2003	0	0	0	34	6	54	20	25	37	14	4	0	194	16.2	12
2004	7	0	7	23	27	26	23	40	39	22	9	0	223	18.6	12
2005	0	0	16	47	19	26	13	39	15	73	0	28	276	23	12
2006	0	0	12	0	23.6	34	34	22.5	33.5	9	3.3	0	171.9	14.3	12
2007	0	8.4	2.5	4.5	18.2	26.6	46.8	29.4	96	9.7	0	0	242.1	20.2	12
2008	0	3	8	59	20	19	64.9	17	27	7	0	0	224.9	18.7	12
2009	0	0	0	6.7	12.8	56.5	21.8	14	22	11.4	0	1	146.2	12.2	12
2010	6	17	4.2	5.5	8.4	16.5	32	56.5	29.5	0	8.8	0	184.4	15.4	12
2011	0	0	0	16.5	15	55	43	37.5	48	91	0	2.5	308.5	25.7	12
2012	0	1.5	13.3	37.4	13.5	75	16.8	30	26.5	14.4	0	0	228.4	19	12
2013	0	0	0	37.7	16.3	30.8	23.2	38	59.5	59.5	3	1	269	22.4	12
2014	0	0	5	5	37	55	45.5	30	47	45	9	9.7	288.2	24	12
2015	0	0	29.6	40.5	55	33	23.3	23.5	49	6.4	2.5	0	262.8	21.9	12
2016	3.2	0	12.1	35.3	10.5	20.3	26	17.1	56.1	20.3	5.9	0	206.8	17.2	12
2017	0	0	13.2	11	29	36	39.5	68.2	87.9	15.4	1	0	301.2	25.1	12
2018	0.4	8.6	2.8	54.2	100.5	56.6	21	34.2	32	40.5	9.1	0	359.9	30	12
2019	0	0	31.3	7.1	49.1	21	44.7	16.6	62	14	8.5	0	254.3	21.2	12
2020	0	0		28	48.5	32	57.6	29.7	58.5	1.2	0	0	255.5	23.2	11
2021	7.5	0	0	19.3	50.1	34.8	29.2	30.8	48	14.5	0	0	234.2	19.5	12
2022		1.1	19.8	7.7	5.4						0	0	34	5.7	6
2023	0	0	6.3	29.5	34	25.7	21.1	26.3	26.1	21	1.7	0	191.7	16	12
2024	3.6	1.5	1.5	12.5		53.5							72.6	14.5	5
MÍNIMA	0	0	0	0	0	12	11	6	13	0	0	0	0	0	1
MÁXIMA	13	34	65	59	100.5	90	64.9	70	108	91	28	30	406.3	33.9	12
MEDIA	1.7	3.7	7.5	20.5	27.2	35.7	29.9	29.7	37.7	22.6	5.2	2.8	208.9	17.8	11.2
DESV.ST	3.2	7.1	10.6	16.3	18.3	16.3	12.7	14.5	20.4	19.5	7.4	6.1	73.8	5.8	2.4

LLUVIA TOTAL MENSUAL
AÑO	ENE	FEB	MAR	ABR	MAY	JUN	JUL	AGO	SEP	OCT	NOV	DIC	ACUM	PROM	MESES
1963												0	0	0	1
1964	2	0	7.5	11	95.5	213.5	111	114	104.5	3	18	2.2	682.2	56.9	12
1965	3	1	11	36	21.5	217.9	62.5	105	59	81	0	0	597.9	49.8	12
1966	1	5	23	112	56	124.5	110.3	153	82	69.1	0	2	737.9	61.5	12
1967	0	10	11	53.5	65	217.6	65	78.5	104	68	2	14	688.6	57.4	12
1968	23	6	7	27	91.8	113	53.2	72	48.1	40	0	9	490.1	40.8	12
1969	11.9	7	27	19	138	134	156.5	577	196.5	43	4	0	1313.9	109.5	12
1970	2	2	0	2	30.2	221	192.2	164	144.7	7	28	4	797.1	66.4	12
1971	0	0	0	18	105	131	65	118	205	105	3		750	68.2	11
1972	0	2	27	32	72	199	228.9	121	89	3	51	0	824.9	68.7	12
1973	0	0	0	29	72	245	135	102	153	35	0	18.3	789.3	65.8	12
1974	0	0	54	73	77.4	230	215	36	133	2	0	0	820.4	68.4	12
1975	9	7	0	0	136	139	223.5	125	286.5	25	5	0	956	79.7	12
1976	0	4	0	55	72	146.8	254	35	89		19	0	674.8	61.3	11
1977	0	0	0	15	53	175	32	127	174	26	15.3	30	647.3	53.9	12
1978	0	3	10	0	23	187	97	93	152	80	0	12	657	54.8	12
1979	2	38	0		89	36	208	112	236	19	8	0	748	68	11
1980	3	0	5	79	64	94	111	155.5	141	39	13	0	704.5	58.7	12
1981	0	0	1	60.2	67	260.4	164.9	174	102	34	2	1.5	867	72.2	12
1982	0	35	14	95	153	36	22.6	21	80	36	0	0	492.6	41	12
1983	0	49	25	0	2	107	124	50	171	22	38	18	606	50.5	12
1984	5	6	13.2	0	58	139	107	116.4	122.7	21	0	0	588.3	49	12
1985	0	6	13	53	77	142	102	48	99	62	17	9	628	52.3	12
1986	0	7	0	90	158	60	172	72	100	132	0	0	791	65.9	12
1987	0	0	15	77	37	144	261	91	155	0	0	0	780	65	12
1988	0	0	0	6	116	174	56	287	154	13	0	0	806	67.2	12
1989	0												0	0	1
1990								17	46.8	1.6	0	0	65.4	13.1	5
1991	0	0	0	60.4	75	135	85	80	100	258.02	10	3	806.42	67.2	12
1992	9	24	13	32.4	122	53	129	156	96	107	50	2	793.4	66.1	12
1993	11	23	3	0	77	199	218	90	97	48	6	0	772	64.3	12
1994	0	0	0	16	147.02	210	89	166	177	26	13	0	844.02	70.3	12
1995	0	2	2.01	102.01	97.9	47	97	347	104	85	4.5	60	948.42	79	12
1996	0	0	67	30.8	55.5	297	90.9	152.5	63	114	0	0	870.7	72.6	12
1997	5.5	0	21.5	105	85.5	44.5	68	122.5	109	121.9	70	2	755.4	63	12
1998	1	0	0	0	0	100	120.5	138.5	330.2	87.1	31.5	0	808.8	67.4	12
1999	0	0	7	12.8	89.4	146.4	155	199	209	111	0	0	929.6	77.5	12
2000	0	0	6	54.4	170	192	85.5	119	137	9	0	3	775.9	64.7	12
2001	0	0	0.5	21	69.4	202	135	158	149	12	0		746.9	67.9	11
2002				4	39	263	71	70	147	74	0	0	668	74.2	9
2003	0	0	0	74	16	297	110	144	225	55	5	0	926	77.2	12
2004	7	0	7	70	104	174	126	114	174	64	9	0	849	70.8	12
2005	0	0	16	102	111	63	97	257	75	105	0	28	854	71.2	12
2006	0	0	28	0	103.3	137.8	125.5	91	136.6	20.4	12.1	0	654.7	54.6	12
2007	0	12.8	2.5	12.8	42.7	116.2	213.4	93.8	172.4	34	0	0	700.6	58.4	12
2008	0	3	8.1	94.9	42.6	127.4	232.7	78.9	161.3	15.4	0	0	764.3	63.7	12
2009	0	0	0	8.5	77.9	243.5	63.8	70.6	123.8	37.5	0	1	626.6	52.2	12
2010	11.3	26.5	4.2	13.3	21.9	77.4	196.5	378.3	188.1	0	8.8	0	926.3	77.2	12
2011	0	0	0	31.7	37.2	137.3	220.2	235.7	133.3	119.2	0	2.5	917.1	76.4	12
2012	0	1.5	28.3	67.2	49.3	300.5	77.3	215.5	122.6	33.8	0	0	896	74.7	12
2013	0	0	0	79.8	25.5	161.1	109.1	111.5	308.6	99.4	3	1	899	74.9	12
2014	0	0	5	8.3	189.9	232	144.1	70.9	200.5	170.3	19	9.7	1049.7	87.5	12
2015	0	0	73.6	94.9	120.8	151.1	77.4	66.1	219.4	12.6	7.1	0	823	68.6	12
2016	3.2	0	22.8	75.6	50.1	98.7	116.7	59.4	223.9	30.5	5.9	0	686.8	57.2	12
2017	0	0	26.7	40.5	57	289.2	151.2	170.7	373.4	28.2	1	0	1137.9	94.8	12
2018	0.4	8.6	2.8	146	256.9	165.7	58.1	143	103.5	191.6	26.4	0	1103	91.9	12
2019	0	0	31.3	11	179.3	120.9	97.9	82.7	199.8	80.7	8.5	0	812.1	67.7	12
2020	0	0		61.4	130.8	104.6	188.4	103.1	298	3.2	0	0	889.5	80.9	11
2021	10.5	0	0	36	180.6	213.4	93.3	214.7	185.8	16.9	0	0	951.2	79.3	12
2022		1.1	19.8	18.8	19.8						0	0	59.5	9.9	6
2023	0	0	12.7	66.6	154.4	81.6	102.1	117.3	71.8	37.2	5.3	0	649	54.1	12
2024	6.3	1.5	2.9	18.7		209.7							239.1	47.8	5
MÍNIMA	0	0	0	0	0	36	22.6	17	46.8	0	0	0	0	0	1
MÁXIMA	23	49	73.6	146	256.9	300.5	261	577	373.4	258.02	70	60	1313.9	109.5	12
MEDIA	2.2	5	11.8	43.3	85	160	127.6	134.2	152.5	55.7	8.8	4	736.1	62.8	11.2
DESV.ST	4.4	10.3	15.9	36.7	52.7	69.9	59.7	92.9	70.7	52.3	14.4	10	246.6	19.5	2.4

EVAPORACIÓN MENSUAL
AÑO	ENE	FEB	MAR	ABR	MAY	JUN	JUL	AGO	SEP	OCT	NOV	DIC	ACUM	PROM	MESES
1963												70.5	70.5	70.5	1
1964	114.8	156.6	197	207.5	199	119.6	131.8	135.1	100.3	142	120.4	107.9	1732	144.3	12
1965	132.5	154.6	222.2	215.8	200.2	143.1	135	117.3	126.6	114.9	139.3	110.5	1812	151	12
1966	118.6	128.1	144.4	163.8	172.3	134.6	117.1	120.8	96	107.8	122.7	105.5	1531.7	127.6	12
1967	124.2	130.8	161	145.5	163.8	149	125.7	106.7	98.6	100.4	113.5	116	1535.2	127.9	12
1968	107.1	130.8	176.3	177	159.2	131.9	115.1	108.7	118.2	132.7	131.5	121	1609.5	134.1	12
1969	125.5	153.57	171.4	177.15	188.5	162.4	121.4	109.8	91	116.8	128.5	115.8	1661.82	138.5	12
1970	123.3	126.5	193	202.1	167.5	141.9	110.5	96.4	92.4	116.2	122.2	121.9	1613.9	134.5	12
1971	134.9	151.5	169.1	170.7	172.8	126	113.2	123.1	104.5	124.6	112		1502.4	136.6	11
1972	131.7	133.1	213.4	201.5	217.5	120	148	128.6	132.2	158	138.9	134.8	1857.7	154.8	12
1973	154	165.6	245.9	223.4	215.5	152.6	145.9	124.2	106.3	118.9	136.8	129	1918.1	159.8	12
1974	141.8	165.9	187.9	201	175.1	132.9	139.7	148.9	124.1	144.3	136.5	137.2	1835.3	152.9	12
1975	146.3	162.3	223.7	241.2	205.2	144.7	129.3	138.3	139.7	157.4	149.1	135.2	1972.4	164.4	12
1976	140.1	163.5	221.5	193.4	185.7	143.6	155.5	136.8	148.8		119.3	126.6	1734.8	157.7	11
1977	164.7	157.6	219.6	196.9	203.8	158.7	167.1	145.4	143.6	138	127.3	119.4	1942.1	161.8	12
1978	149.1	160.1	212.5	253.7	235.1	137.1	129.9	148	119.2	129.3	128.9	139.1	1942	161.8	12
1979	141.3	138.4	214.1		194	150.7	156.9	135.9	107.7	140.5	130.8	122.6	1632.9	148.4	11
1980	140.6	173.6	238.7	188.4	151.1	168.7	125.3	129	104.7	142.5	122.3	125.7	1810.6	150.9	12
1981	128.8	132.7	203.6	185.6	184.1	132.6	126.1	132.2	97.1	120.9	109.6	135.5	1688.8	140.7	12
1982	154.5	143.3	195.1	147.1	214.7	129.9	126	148.8	178.9	125.4	138.3	155.6	1857.6	154.8	12
1983	149	134.4	185.6	249.5	223.6	172.2	179.6	124.8	126.1	150	114.9	135.1	1944.8	162.1	12
1984	120.1	150.4	196.6	259.2	177.1	156.9	143.3	160.5	151.5	142.6	135.9	137.1	1931.2	160.9	12
1985	142.8	157.1	198.45	200.9	196.9	129.1	141.8	129.7	143.1	37.3			1477.15	147.7	10
1987	151.7	177.7	184.9	191.9	206.5	110.7	119.7	146.7	130.8	153.4	151.7	151.7	1877.4	156.4	12
1988	151.1	170.3	210.9	212.4	175.5	105.1	152.9	119.1	97.9	141	148.6	142.2	1827	152.2	12
1989	146.5												146.5	146.5	1
1990								133.52	113.99	124.71	131.08	136.91	640.21	128	5
1991	33.99					90.59	52.46	47.15	53.01	48.74	115.74	100	541.68	67.7	8
1992	110.22	135.44	189.26	168.86	51.7	107.48	29.49			56.76	127.4	125.87	1102.48	110.2	10
1993	125.95	142.16	212.88	231.17	193.19	169.44					136.54	154.52	1365.85	170.7	8
1994	147.52	149.26	238.65	242.73									778.16	194.5	4
1995	172.4	149.08	184.96	172.66	179.41	138.84	130.04			151.85	141.92	118.5	1539.66	154	10
1996	143.35	181.13	224.46	201.51	187.73	134.41	132.3	136.89	137.09	136.91	134.57	138.91	1889.26	157.4	12
1997	150.07	158.52	191.82	191.19	163.59	155.12	148.85	150.75	109.31	119.2	106.88	123.34	1768.64	147.4	12
1998	143.97	177.65	225.24	73.3			141.36	139.35	95.6	97.17	128.32	134.45	1356.41	135.6	10
1999	144.91	156.33	218.34	228.79	215.86	148.08	160.02	125.92	119.31	135.45	131.15	125.19	1909.35	159.1	12
2000	142.44	159.41	201.17	184.12	143.21	112.09	128.46	120.34	101.92	136.4	121.45	121.13	1672.14	139.3	12
2001	132.57	140.21	201.43	201.65	148.33	135.31	120.8	143.06	126.14	119.95	117.02		1586.47	144.2	11
2002				198.23	218.03	109.55	118.15	133.4	112.74	135.66	117.42	126.13	1269.31	141	9
2003	127.44	159.03	227.74	213.58	188.85	106.6	122.58	135.54	131.2	135.39	120.58	117.96	1786.49	148.9	12
2004	124.63	160.69	182.97	206.55	167.48	129.43	136.24	150.93	121.25	123.28	126.62	124.96	1755.03	146.3	12
2005	137.6	163.74	209.72	214.62	179.98	152.72	135.06	138.45	121.36	130.35	122.42	101.73	1807.75	150.6	12
2006	144.34	163.35	210.63	246.51	177.25	141.77	105.31	131.14	121.11	134.29	113.84	134.44	1823.98	152	12
2007	143.31	171.49	219.3	215.12	203.56	172.96	139.7	125.9	130.5	151.2	135.73	139.96	1948.73	162.4	12
2008	149.35	173.84	202.45	223.17	203.05	137.89	125.37	148.6	104.6	119.22	139.47	132.62	1859.63	155	12
2009	146.91	159.94	233.94	249.85	198.63	157.93	151.2	143.82	117.96	130.04	132.01	125.89	1948.12	162.3	12
2010	121.81	137.92	211.38	223.88	238.45	165.75	139.01	148.77	111.31	153.1			1651.38	165.1	10
2012	132.36	139.11	193.2	187.8	181.05	111.82	126.48	110.56	123.37	119.25	117.02	136.36	1678.38	139.9	12
2013	122.76	164.03	198.11	210.18	174	135.02	119.34	129.75	73.99	110.41	92.49	94.81	1624.89	135.4	12
2014	121.45	139.05	173.05	206.33	143.64	115.55	127.36	136.26	88.61	127.27	95.37	110.98	1584.92	132.1	12
2015	130.51	141.97	167.91	197.19	164.74	132.76	142.85	139.25	125.85	137.18	115.42	132.06	1727.69	144	12
2016	119.53	149.65	170.15	202.6	207.67	135.37	144.86	142.29	123.07	144.89	130.49	136.67	1807.24	150.6	12
2017	159.9	168.72	207.21	211.51	202.55	147.61	149.01	153.96	108.88	119.75	141.11	135.55	1905.76	158.8	12
2018	123.81	157.93	218.57	189.35	207.77	142.8	139.07	132.85	134.8	102.79	107.08	106.09	1762.91	146.9	12
2019	121.35	152.92	191.79	208.36	192.6	143.84	144.49	159.65	139.77	111.96	103.65	111.15	1781.53	148.5	12
2020	123.1	148.18		226.14	185.3	164.21	164.88	123.13	135.74	118.37	114.09	110.9	1614.04	146.7	11
2021	110.5	148.61	205.06	201.7	183.76	117.43	123.84	124.2	146.61	92.13	99.61	111.61	1665.06	138.8	12
2022				19.07	8.7								27.77	13.9	2
2023						148.82	119.68	135.2	132.39	100.71	99.45	110.4	846.65	121	7
2024	134.11	158.78	200.44	210.13		133.9							837.36	167.5	5
MÍNIMA	33.99	126.5	144.4	19.07	8.7	90.59	29.49	47.15	53.01	37.3	92.49	70.5	27.77	13.9	1
MÁXIMA	172.4	181.13	245.9	259.2	238.45	172.96	179.6	160.5	178.9	158	151.7	155.6	1972.4	194.5	12
MEDIA	134.1	153.3	201.9	199.3	182.6	137.9	131.6	131.8	118.1	124.1	124.4	124.5	1555.5	143.9	10.6
DESV.ST	19.8	14	21.4	39.6	38.1	19.1	23.8	18.2	21.4	24.8	13.8	15.7	473.7	26	2.8

TEMPERATURA MÁXIMA PROMEDIO
AÑO	ENE	FEB	MAR	ABR	MAY	JUN	JUL	AGO	SEP	OCT	NOV	DIC	ACUM	PROM	MESES
1963												22.4		22.4	1
1964	23.5	26.7	28.1	29.9	28.2	24.6	23.7	25.3	24.7	24.1	24.4	22.5		25.5	12
1965	22.9	25.4	28.4	28.4	29	25.9	25.1	23.8	24.9	23.2	25.1	24		25.5	12
1966	22.6	24.1	24.8	26.6	27.3	25.2	24.6	24.6	23.9	22.5	22	22.9		24.3	12
1967	23.2	23.7	25.7	26.1	27.8	24.9	24.2	24.3	22.5	22.5	23.1	23.2		24.3	12
1968	22.5	22.4	24.9	28.2	26	24.5	23.4	23.8	23.9	23.8	24.4	23.7		24.3	12
1969	23.4	26.4	26.3	29.2	28.6	27.4	23.8	22.3	23.1	24.5	24.3	23.2		25.2	12
1970	22.8	23.5	27.9	30.6	28.3	24.6	23.2	23.1	22.4	24.9	22.9	23.7		24.8	12
1971	24.2	24.6	26.8	26.8	28.5	24.7	23.6	23.4	22.9	23.4	23.3			24.7	11
1972	23.5	24.1	28.5	30.3	29.3	26.1	26	24.7	25.9	26.9	26.8	25.2		26.4	12
1973	25.6	28	31.4	30	29.9	26	25.7	25.1	25.4	24.2	26.1	24.1		26.8	12
1974	25.9	26.3	28.3	28.7	28.8	24.5	24.7	26.8	24.7	24.1	25.5	26.1		26.2	12
1975	25.4	27.2	30.1	30.4	29.4	25.9	24.7	25.8	24.5	24.9	25.6	24.1		26.5	12
1976	23.6	25.4	30	29.9	29.4	26.7	26.2	26.5	27.7		25.3	26.4		27	11
1977	27.8	27.8	31.5	29.7	30.7	28.1	28	28.1	27.8	27.8	26.8	26.4		28.4	12
1978	26.9	27.4	29.3	32.7	31.3	27.4	27	27.7	26.8	25.5	27.7	26.8		28	12
1979	26.3	27.2	29.7		30.6	27.1	26.9	25.8	24.8	27.9	26.1	25.9		27.1	11
1980	27	28	31.8	30.8	30.6	29.1	28.1	27.1	26.4	26.8	26.7	25.4		28.1	12
1981	25.4	27.2	30.5	30.7	31.7	26.7	26	26.4	26.9	27.1	27.1	26.3		27.7	12
1982	26.4	25.7	27.2	30	27.6	27.3	25.5	27.3	25.5	25.2	25.4	25		26.5	12
1983	22.8	24.6	27.4	30.8	32.5	29.3	25.1	26.1	24.5	24.9	25.9	24.3		26.5	12
1984	23.4	25.3	28.1	31.7	28.5	25.2	23.7	24.8	23.3	26.6	25.4	24.9		25.9	12
1985	25	26.7	28	29.1	29.1	26.2	25.5	26	25.9	25.8	26	24.8		26.5	12
1986	24	27.5	27.2	29.8	27.7	26.4	24.5	25.4	24.8	24.1	23.6	26.3		25.9	12
1987	25.2	27.2	26.5	27.9	29	25.6	25.3	25.6	27.9	26.6	26.1	27		26.7	12
1988	25.9	26.6	28.2	29.5	29.5	27.1	26.3	25.4	25.9	25.5	26.7	24		26.7	12
1989	26													26	1
1990								25.4	25.4	25.7	25.3	24.9		25.3	5
1991	26.5	26.9	31.7	32.2	30.4	27.4	24	26.4	24.9	25	25.2	24.9		27.1	12
1992	24.1	25.7	28.9	28.3	28.7	27.6	26.1	26.5	25.2	25.6	26	26		26.6	12
1993	26	26.9	28.4	30.1	29.8	27.5	26	25.6	26.1	27.2	26.5	26.9		27.2	12
1994	25.8	26.4	29.9	30.4	29.9	27.5	26.9	25.7	25.3	27.2	27.9	26.5		27.4	12
1995	26.4	27.9	29.2	29.6	28.7	27.4	24.9	25.2	25.8	26.5	26.5	25.3		27	12
1996	25.9	27.2	28.4	29.5	29.5	26.1	25.8	25.5	27.1	25.9	24.8	25.2		26.7	12
1997	25.3	26.9	28.2	28.4	27.7	27.6	26.7	27.3	25.3	25.1	26.2	26		26.7	12
1998	25.1	27.4	29.8	32.1	33.2	30.5	25.7	26.4	24.4	24.3	24.6	24.7		27.4	12
1999	24.1	25.4	27.8	29.3	28.6	25.5	23.1	24.3	22.7	22.1	22.4	22.8		24.8	12
2000	23.7	24.9	27.5	20.3	21.8	21.8	20.9	21.2	21.3	20.8	21.8	19.7		22.1	12
2001	18.7	20.4	21.7	25	25.5	24.9	24.7	24.7	24	23.8	20.6			23.1	11
2002				22.5	25.7	24.7	24.2	23.9	24.7	24.5	20.2	20.1		23.4	9
2003	19.2	21.5	22.6	26.2	26.4	24.6	24.2	24.2	24.6	23.3	21	17.6		23	12
2004	19.6	21	22.5	23.4	25.1	25.1	24.8	24.6	25	24.2	22.1	19.9		23.1	12
2005	19.9	21.7	23.3	26.4	25.7	25.9	24.6	24.7	25.1	23.2	20.9	21.4		23.6	12
2006	21.6	22.6	23.7	26.7	26.9	24.9	24.9	26.3	25.2	25.5	23.9	24		24.7	12
2007	24	25.3	26	28.3	28.7	28.6	26.4	25.7	25.4	25.1	24	23.8		25.9	12
2008	25	26.6	27	28.3	29	25.6	24.6	26.3	24.1	23.5	24.2	23.6		25.7	12
2009	23.1	24.3	25.7	28.7	28.3	27.2	26.5	26.5	25.3	25.7	24.7	24.8		25.9	12
2010	23.1	24.3	28.6	29.5	31	28.1	25	24.1	23.5	25.1	25	22.9		25.9	12
2011	24.6	26.3	27.8	29.9	30.2	26.5	24.3	24.7	24.1	23.4	25.5	24.7		26	12
2012	24.7	26.1	27.7	28.2	28.8	25.8	25.1	25.1	25.5	25	24.8	26.1		26.1	12
2013	25.1	28.2	27.5	30.5	29.4	27.1	26.6	26.3	25	26	24.8	26.2		26.9	12
2014	25.7	29.4	30.6	31.5	28.5	27.1	26.9	27.9	24.2	25	25.3	25.6		27.3	12
2015	25.7	27.5	27.4	28.3										27.2	4
2016			31.2	31.5	31.8	27	26.6	26.8	25.6	25.3	26.1	25.7		27.8	10
2017	26	27.3	28.3	29.2	30.2	25.8	25.3	25.9	24.1	23.6	25.8	24.8		26.4	12
2018	22.9	26.8	29.2	28.6	29.2	26.5	27.6	26.9	27.4	25.8	27.4	26.6		27.1	12
2019	27.3	31.5	31.6	33	33.1	28.5	28.6	29.7	27.9	27.1	27.5	28.7		29.5	12
2020	27.6	30.7		34.1	30.6	29.3	29	27.4	27.1	27.9	26.8	29		29	11
2021	28.6	31.7	33.4	33.7	30.3	26.8	27.2	27	27.2	28.5	27.1	29.9		29.3	12
2022	29	30.6	33.2	34.3	33.2	27.9	28.7	28.1	25	28	28.8	27.1		29.5	12
2023	29.2	30.8	32.9	33.7	32.2	32.4	29.4	29.8	29.9	29.4	29.5	28.1		30.6	12
2024	31.2	34	36.5	35.8		31.7								33.8	5
MÍNIMA	18.7	20.4	21.7	20.3	21.8	21.8	20.9	21.2	21.3	20.8	20.2	17.6		22.1	1
MÁXIMA	31.2	34	36.5	35.8	33.2	32.4	29.4	29.8	29.9	29.4	29.5	29.9		33.8	12
MEDIA	24.8	26.4	28.3	29.4	29.1	26.7	25.5	25.7	25.2	25.2	25.1	24.8		26.3	11.1
DESV.ST	2.4	2.6	2.8	2.8	2.1	1.8	1.6	1.6	1.6	1.7	2	2.3		2	2.5

TEMPERATURA MÁXIMA EXTREMA
AÑO	ENE	FEB	MAR	ABR	MAY	JUN	JUL	AGO	SEP	OCT	NOV	DIC	ACUM	PROM	MESES
1963												25		25	1
1964	28.5	30	31	33	33.5	29	26	28.5	26.5	28.5	27.5	26		29	12
1965	27	29	31	31.5	31.5	31.5	28	27	27	26	28.5	29		28.9	12
1966	27	29	30	30	32.5	30	27.5	27	26.5	26.5	27.5	27		28.4	12
1967	27	27	28	29.5	32	28.5	26.5	28	26	26	26.5	26		27.6	12
1968	25	27	29	31	30	28	26	28	27.5	27	27.5	27		27.8	12
1969	27	29	31	34	33	31	27.5	25	32	28	28	27		29.4	12
1970	27	27	32	32.5	33	29	26	26.5	25	28.5	27	26.5		28.3	12
1971	27.5	27	30	32	31.5	28.5	27	26	26.5	26	28			28.2	11
1972	26	29	30	33	32	29	29	28	28	30	29	29		29.3	12
1973	29	30	34	34	34.5	30	28.5	28	28	28.5	29.5	28		30.2	12
1974	28.5	30	32	32	33	30	31	28.5	28	28	29	29		29.9	12
1975	28	30.6	33	34	34	28.5	29	29	28	28.5	28	27		29.8	12
1976	28	30	32	32	32.5	32	29	29	31.5		33	29		30.7	11
1977	31	30	35	34	33	31	30	30	30	31	30	30		31.2	12
1978	32	34	35	35	35	34	29	30	31	28	30	30		31.9	12
1979	31	30	34		34	30	31	28	28	32	30	30		30.7	11
1980	31	33	35	35	33	32	31	37	30	31	30	30		32.3	12
1981	30	30	34	35	35	30	30	29	31	30	30	29		31.1	12
1982	31	29	32	34	31	30	29	30.5	30	29.5	28	28		30.2	12
1983	26	30	31	35	35	32	28	29	28	27	28	27		29.7	12
1984	27	31	34	34	34	28	27	27	27	30	28	28		29.6	12
1985	28	28	32	39	34	30	28	29	28	28	29	29		30.2	12
1986	28	29	31	33	31	28	27	28	28	29	27	30		29.1	12
1987	31	31	31	31	31	31	30	31	30	30	32	30		30.8	12
1988	30	31	31	34	33	31	30	30	29	30	29	28		30.5	12
1989	28													28	1
1990								28	27	30	29	29		28.6	5
1991	30	31	34	35	35	34	29	30	28	27	28	27		30.7	12
1992	28	29	32	31	30	30	29	29	27	28	29	28		29.2	12
1993	28	31	32	33	33	32	29	28	29	29	28	30		30.2	12
1994	28	29	33	34	33	31	29	28	28	29	30	29		30.1	12
1995	28	31	34	31	31	31	27	28	28	30	29	29		29.8	12
1996	29	31	32	33	33	30	30	29	29	30	29	29		30.3	12
1997	28	30	33	31	32	31	29	30	28	30	30	30		30.2	12
1998	28	31	33	36	36	35	29	28	28	27	28	28		30.6	12
1999	27	28	30	32	32	29	28	26	27	26	26	27		28.2	12
2000	27	29	31	31	28	24	23	24	25	25	28	24		26.6	12
2001	22	24	30	30	30	27	27	27	27	27	25			26.9	11
2002				27	33	27	27	26	27	27	26	25		27.2	9
2003	25	28	28	31	33	28	27	28	27	26	24	21		27.2	12
2004	23	24	30	29	30	28	28	27	27	27	27	24		27	12
2005	25	28	29	32	29	31	28	28	28	28	25	29		28.3	12
2006	28	29	29	31	31	28	29	29	29	30	29	29		29.2	12
2007	28	30	31	32	32	32	29	28	28	29	27	30		29.7	12
2008	29	28	31	32	32	30	27	29	28	27	28	27		29	12
2009	27	30	29	31	32	31	30	29	29	30	28	28		29.5	12
2010	30	30	32	32	34	34	30	27	27	29	29	27		30.1	12
2011	28	29	31	32	33	30	28	28	28	27	29	28		29.2	12
2012	28	29	30	30	32	31	28	29	30	30	28	29		29.5	12
2013	29	30	33	34	33	30	37	30	28	29	30	30		31.1	12
2014	30	32	33	34	34	30	30	31	30	29	28	29		30.8	12
2015	29	31	32	31										30.8	4
2016			35	36	35	31	29	30	29	28	31	29		31.3	10
2017	31	32	32	34	35	29	28	29	28	28	29	29		30.3	12
2018	28	30	33	32	34	31	32	30	30	30	31	31		31	12
2019	31	37	36	36	37	32	32	33	32	30	31	32		33.2	12
2020	32	35		37	34	33	31	31	32	32	33	32		32.9	11
2021	34	36	37	37	34	32	31	30	31	33	31	33		33.2	12
2022	33	36	37	39	38	34	32	31	28	32	31	30		33.4	12
2023	33	35	37	38	36	36	32	34	33	33	35	33		34.6	12
2024	36	38	40	39		39								38.4	5
MÍNIMA	22	24	28	27	28	24	23	24	25	25	24	21		25	1
MÁXIMA	36	38	40	39	38	39	37	37	33	33	35	33		38.4	12
MEDIA	28.6	30.2	32.2	33.1	32.9	30.6	28.9	28.8	28.5	28.8	28.8	28.4		29.9	11.1
DESV.ST	2.5	2.7	2.4	2.5	1.9	2.4	2.1	2.1	1.7	1.8	2	2.2		2.1	2.5

TEMPERATURA MÍNIMA PROMEDIO
AÑO	ENE	FEB	MAR	ABR	MAY	JUN	JUL	AGO	SEP	OCT	NOV	DIC	ACUM	PROM	MESES
1963												10.9		10.9	1
1964	11.7	12.6	14.3	16.4	16.2	16.1	15.7	15.6	16.4	13.5	13.1	11.6		14.4	12
1965	10.7	11.7	13.6	16.4	16.9	17.4	16.5	16.5	16.7	15.4	13	12.5		14.8	12
1966	10.5	12.3	13	15.7	16.9	16.9	17	16	16.4	15.5	10.1	9.9		14.2	12
1967	10.4	10.6	12.2	14.3	15.4	16.2	15.5	15.7	15.7	14.4	11.8	11.8		13.7	12
1968	9.9	9.7	11.1	15.4	16.2	16.6	15.7	14.9	15.5	14	12.8	11.7		13.6	12
1969	10.9	13.2	14	15.6	15.8	17.1	16.5	16.9	16.4	14.6	11.8	11		14.5	12
1970	11.2	10.3	13.6	16	15.2	16.2	15.8	16	16.1	14.9	10.4	10.5		13.8	12
1971	10.4	10.4	12.4	12.4	15.8	15.9	15.2	15.2	15.6	14.6	12.6			13.7	11
1972	11	10	11.9	14	14.5	15.2	14.2	13.3	13.4	12.6	13.1	9.7		12.7	12
1973	8.3	10	12.6	13.9	15.4	14.9	13.8	14.4	14.3	12.7	10.8	8.4		12.5	12
1974	9.7	8.6	11.1	13.1	13.5	14.2	13.8	13.4	14.1	10.7	9.5	9.4		11.8	12
1975	8	10	12.4	13.5	13.7	13.8	12.5	13	12.3	12.1	10	7.6		11.6	12
1976	6.5	6.9	11.9	12.4	14.1	14.6	13.2	12.6	13.5		10.4	9.2		11.4	11
1977	8.5	10.2	11.5	12	14.8	13.9	13.3	13.4	13.7	12.3	10.3	10.3		12	12
1978	8.2	9.4	10.4	13.4	14.8	14.5	13.7	13.3	13.7	12.7	12.6	11.6		12.4	12
1979	10.1	11.3	13.7		16.1	16.1	16.2	15.3	15.8	13.6	12	11.3		13.8	11
1980	10.9	10.8	13.5	14.3	16.4	15.7	15.8	15.7	15.8	14.3	11.6	9.1		13.7	12
1981	9.2	10.5	13	14.4	15.5	16.5	15.3	15.4	15.2	14.5	11.5	11.7		13.6	12
1982	9.2	9.7	11.4	13.9	14.7	13.8	13.2	12.8	13.5	13.2	10.2	9.8		12.1	12
1983	7.6	8.3	10	12.5	15	15.7	14.3	13.6	14	12.3	11.4	10		12.1	12
1984	8.8	9.9	11.4	13	13.5	13.5	12.2	13	13.4	11.9	8.6	8.3		11.5	12
1985	8.4	8.5	10.9	11.8	13.2	14	12.8	13.3	13.1	12.5	9.4	9.4		11.4	12
1986	6.5	9.1	8.5	12	13.7	13.9	8.2	8	8.4	8.9	10.3	8.5		9.7	12
1987	6.9	8	7.4	7.2	10.1	11.8	7.3	6.9	6.1	7.4	7.9	9.4		8	12
1988	6.9	7.7	7.2	8	7.9	7.6	7.4	6.3	6.4	4.3	3.8	2.2		6.3	12
1989	1.4													1.4	1
1990								13.8	13.9	12.3	10.9	8.6		11.9	5
1991	9.1	8.4	10.8	11.8	14.2	14.4	13	12.9	13	12.7	11	8.7		11.7	12
1992	9.7	9.1	11.3	11.6	12.7	14.3	13.5	13.4	13.2	12.6	11.2	9.1		11.8	12
1993	10.3	9.8	10.4	11.9	12.7	14.6	14.2	13	14.1	12.3	10.5	8		11.8	12
1994	7.1	9.9	11.2	13.2	13.9	13.7	12.5	13.5	13.6	12.7	10.2	10		11.8	12
1995	9.5	9.9	10.9	14.5	14.8	15.5	14.3	15.4	14.4	13.4	11.6	10.8		12.9	12
1996	7.6	9	10.2	13.2	13.8	15.1	14.4	14.6	15.2	13.5	10.1	9.5		12.2	12
1997	8.8	9.8	12.1	12.1	13.2	14.9	14	13.1	14.7	14.1	11.6	8.8		12.3	12
1998	8	7.5	9.5	13.5	13.6	15.2	13.9	13.7	15.7	13.9	11.4	8.8		12.1	12
1999	8.5	8.9	11	13.3	10.2	12.3	13.9	14	14.3	12.1	9.6	8		11.3	12
2000	8.1	8.9	11.6	11	12.2	13.1	11.9	11.8	12.9	10.4	10	7.1		10.8	12
2001	6.6	8.1	8.5	11.6	12.7	12.6	12.3	12.5	12.8	11.1	8.3			10.6	11
2002				11.4	12.5	13.5	12.2	11.9	13.7	12	8.6	8.2		11.6	9
2003	6.2	7.9	9.2	12.3	13.5	14.1	12.1	12.1	13.3	12.3	9.2	5.4		10.6	12
2004	7	7.5	9.6	10.8	12.2	12.7	11.3	12.2	12.4	12.4	7.2	6.9		10.2	12
2005	5.6	7.9	10.5	11.7	12.2	14.1	12.6	12.8	12.1	11.4	7.7	4.6		10.3	12
2006	7.2	6.8	8.4	10.3	12.3	12.5	12.3	12.5	12.7	11.9	9.1	9.2		10.4	12
2007	9.6	7.4	10.1	10.8	12.3	12.5	12.3	12.1	11.8	10.9	7.7	8.1		10.5	12
2008	6.8	9.4	9.1	11.2	12.5	12.2	11.9	12.3	12.7	10.8	6.5	6.3		10.1	12
2009	6.4	6.1	7.3	10.9	12.4	12.7	12.2	11.3	12.4	11.8	8.6	8.5		10.1	12
2010	7.1	8.3	8.5	11	12.2	12.6	12.6	12.5	12.7	7.7	6.7	3.9		9.7	12
2011	6.4	7.1	8.3	11	12.3	12.2	12.5	12.5	12.4	10.2	7.7	5.6		9.8	12
2012	6.6	7.9	8.5	8.7	11.2	11.8	11	12.2	11.7	9.6	7.4	6.4		9.4	12
2013	6.7	7.5	8.3	10.8	11.3	12.4	11.5	11.3	12.9	13.2	11.7	9.5		10.6	12
2014	7.2	9.8	11.4	12.4	13.6	15	12.8	12.7	14.4	12.5	9.6	8.7		11.7	12
2015	8	9.1	11.5	13.1										10.4	4
2016			12.9	13	15.2	14	13.3	13.6	13.7	11.2	9.8	10.1		12.7	10
2017	7.5	8.9	10.1	11.4	15.4	15	13.6	13.5	14.6	12.5	8.1	6.9		11.5	12
2018	6.5	10	11.7	12.6	14	14.1	11.2	12.6	13	12.6	10.3	7.5		11.3	12
2019	6.4	9.2	10	10.9	13.6	14.2	12.5	13.5	12.5	13.2	10.3	7.7		11.2	12
2020	8.6	8.4		13.6	13.4	14.3	13.7	14.4	14.2	10.9	10.1	7.5		11.7	11
2021	8.4	6.5	9.5	12.1	13.4	14.4	12.8	13.7	14	12.6	7.2	7.2		11	12
2022	8	8	9.3	11.9	13.2	13.6	13	13.5	14.1	12.6	10.7	7		11.2	12
2023	7	7.7	10.6	12	13.4	14.3	14.3	14	13.1	12.4	11	7.1		11.4	12
2024	8.8	7.1	11.4	13.2		15.5								11.2	5
MÍNIMA	1.4	6.1	7.2	7.2	7.9	7.6	7.3	6.3	6.1	4.3	3.8	2.2		1.4	1
MÁXIMA	11.7	13.2	14.3	16.4	16.9	17.4	17	16.9	16.7	15.5	13.1	12.5		14.8	12
MEDIA	8.2	9.1	10.8	12.5	13.7	14.2	13.2	13.3	13.6	12.3	10	8.7		11.5	11.1
DESV.ST	1.8	1.5	1.8	1.9	1.8	1.7	2	2	2	2	1.9	2.1		2	2.5

TEMPERATURA MÍNIMA EXTREMA
AÑO	ENE	FEB	MAR	ABR	MAY	JUN	JUL	AGO	SEP	OCT	NOV	DIC	ACUM	PROM	MESES
1963												5.5		5.5	1
1964	5	9	10	14.5	12	13.5	14	13	15	9	8	10		11.1	12
1965	5	5	9	13	15	14	15	15	13	8	9	10		10.9	12
1966	4	8	7	14	14	13.5	14	12	14.5	10	4.5	5		10	12
1967	6	2	9	11	12	14.5	13.5	13	13	9	5	6		9.5	12
1968	2	4	6	13	11	15	14	13	13.5	8	7	6		9.4	12
1969	8	10	6	10	13	15.5	14	16	14	12	6	7		11	12
1970	7	8	9	14	9	13	14	13.5	12	12.5	4	6		10.2	12
1971	7	7	7	5.5	14	13	13.5	13.5	13.5	11	7			10.2	11
1972	8	4	8	12	12	13	12	10	11	8	10	4		9.3	12
1973	0	5	9	10	13	12	10	13	13	9.5	6	3		8.6	12
1974	5	4	4	9	4	12	11	12	10	7	4	5		7.2	12
1975	3	6	8	11	12	12	11	10	7	8	4	5		8.1	12
1976	3	0	9	8	11	12	10.5	11	12		7	4		8	11
1977	5	6	5	6	12	11	11	11	12	8	6	3		8	12
1978	5	5	2	9	13	13	12	10	11	9	10	6		8.8	12
1979	4	6	9		13	14	13	12	12	9	8	8		9.8	11
1980	8	6	6	11	13	14	14	14	14	10	8	5		10.2	12
1981	5	6	10	11	13	14	13	11	12	11	7	9		10.2	12
1982	5	3	7	11	12	11	11	11.5	12	8.5	6	2		8.3	12
1983	5	5	8	8	12	12	11	11	10	9	8	3		8.5	12
1984	3	4	7	9	10	12	10	9	10	10	5	2		7.6	12
1985	6	5	7	6	11	12	10	11	11	10	7	5		8.4	12
1986	0	6	4	9	10	12	5	3	4	3	6	5		5.6	12
1987	3	4	3	3	5	5	4	3	4	3	4	4		3.8	12
1988	1	3	3	4	5	4	5	2	4	2	2	1		3	12
1989	1													1	1
1990								12	11	8	8	2		8.2	5
1991	7	4	5	8	12	11	12	10	11	9	8	6		8.6	12
1992	7	7	9	8	10	11	11	12	12	9	8	6		9.2	12
1993	8	7	7	10	10	12	12	11	13	10	7	4		9.2	12
1994	3	7	6	11	12	12	11	12	12	9	8	8		9.2	12
1995	7	8	6	13	13	11	12	14	12	10	5	8		9.9	12
1996	3	2	3	11	9	12	13	12	13	11	6	7		8.5	12
1997	5	5	8	9	11	13	12	12	13	10	9	2		9.1	12
1998	4	4	7	10	10	14	12	12	14	10	6	6		9.1	12
1999	6	1	7	11	7	5	11	12	12	4	1	6		6.9	12
2000	4	4	7	8	9	10	10	9	11	7	7	2		7.3	12
2001	3	5	5	8	9	11	9	10	10	7	5			7.5	11
2002				9	10	12	10	10	11	9	0	6		8.6	9
2003	3	6	3	2	11	12	10	10	10	8	5	1		6.8	12
2004	3	4	6	6	10	10	9	10	10	9	4	3		7	12
2005	2	6	6	6	10	12	10	11	10	7	4	0		7	12
2006	-1	3	6	6	10	10	10	11	11	5	3	5		6.6	12
2007	7	4	7	8	10	10	10	10	9	6	4	4		7.4	12
2008	2	6	6	6	8	10	9	11	8	6	4	2		6.5	12
2009	2	1	1	6	10	10	10	8	10	8	5	6		6.4	12
2010	1	4	4	8	9	9	9	9	8	4	1	1		5.6	12
2011	4	3	4	9	9	7	10	11	9	4	2	1		6.1	12
2012	1	6	4	5	9	7	9	9	8	6	4	3		5.9	12
2013	1	4	2	8	9	10	10	9	11	10	6	5		7.1	12
2014	2	7	9	6	10	13	11	6	13	8	6	5		8	12
2015	3	2	8	10										5.8	4
2016			7	10	13	12	12	11	10	8	4	5		9.2	10
2017	3	4	7	8	11	11	9	11	11	7	4	0		7.2	12
2018	2	7	8	7	11	12	9	10	10	9	5	2		7.7	12
2019	1	6	5	6	12	10	10	9	9	11	7	4		7.5	12
2020	3	3		11	10	11	11	11	10	5	5	3		7.5	11
2021	2	2	6	6	10	12	9	11	11	9	4	3		7.1	12
2022	4	3	5	2	10	11	11	11	10	8	8	4		7.2	12
2023	2	4	8	10	11	12	11	11	11	7	7	0		7.8	12
2024	4	2	8	7		13								6.8	5
MÍNIMA	-1	0	1	2	4	4	4	2	4	2	0	0		1	1
MÁXIMA	8	10	10	14.5	15	15.5	15	16	15	12.5	10	10		11.1	12
MEDIA	3.8	4.8	6.4	8.6	10.6	11.5	10.9	10.7	10.9	8.1	5.7	4.4		7.9	11.1
DESV.ST	2.3	2.1	2.2	2.9	2.2	2.3	2.2	2.5	2.4	2.3	2.2	2.4		1.9	2.5

TEMPERATURA MEDIA MENSUAL
AÑO	ENE	FEB	MAR	ABR	MAY	JUN	JUL	AGO	SEP	OCT	NOV	DIC	ACUM	PROM	MESES
1963												16.6		16.6	1
1964	17.6	19.6	21.2	23.1	22.2	20.4	19.7	20.4	20.5	18.8	18.8	17		19.9	12
1965	16.8	18.5	21	22.4	23	21.6	20.8	20.1	20.8	19.3	19	18.2		20.1	12
1966	16.6	18.2	18.9	21.1	22.1	21	20.8	20.3	20.1	19	16	16.4		19.2	12
1967	16.8	17.1	19	20.2	21.6	20.5	19.9	20	19.1	18.4	17.5	17.5		19	12
1968	16.2	16	18	21.8	21.1	20.6	19.5	19.4	19.7	18.9	18.6	17.7		19	12
1969	17.1	19.8	20.1	22.4	22.2	22.2	20.1	19.6	19.8	19.6	18	17.1		19.8	12
1970	17	16.9	20.8	23.3	21.8	20.4	19.5	19.6	19.2	19.9	16.6	17.1		19.3	12
1971	17.3	17.5	19.6	19.6	22.1	20.3	19.4	19.3	19.2	19	18			19.2	11
1972	17.2	17	20.2	22.1	21.9	20.6	20.1	19	19.6	19.8	20	17.4		19.6	12
1973	17	19	22	22	22.6	20.4	19.8	19.8	19.9	18.4	18.5	16.2		19.6	12
1974	17.8	17.4	19.7	20.9	21.1	19.4	19.2	20.1	19.4	17.4	17.5	17.8		19	12
1975	16.7	18.6	21.2	22	21.5	19.9	18.6	19.4	18.4	18.5	17.8	15.9		19	12
1976	15.1	16.1	21	21.1	21.8	20.6	19.7	19.6	20.6		17.9	17.8		19.2	11
1977	18.1	19	21.5	20.9	22.8	21	20.6	20.8	20.8	20	18.6	18.4		20.2	12
1978	17.5	18.4	19.9	23	23	21	20.4	20.5	20.2	19.1	20.1	19.2		20.2	12
1979	18.2	19.2	21.7		23.4	21.6	21.5	20.6	20.3	20.8	19	18.6		20.4	11
1980	19	19.4	22.6	22.6	23.5	22.4	22	21.4	21.1	20.6	19.1	17.2		20.9	12
1981	17.3	18.9	21.8	22.6	23.6	21.6	20.6	20.9	21	20.8	19.3	19		20.6	12
1982	17.8	17.7	19.3	22	21.1	20.6	19.4	20	19.5	19.2	17.8	17.4		19.3	12
1983	15.2	16.5	18.7	21.6	23.8	22.5	19.7	19.9	19.2	18.6	18.6	17.1		19.3	12
1984	16.1	17.6	19.8	22.4	21	19.4	18	18.9	18.4	19.2	17	16.6		18.7	12
1985	16.7	17.6	19.4	20.5	21.1	20.1	19.1	19.6	19.5	19.1	17.7	17.1		19	12
1986	15.2	18.3	17.9	20.9	20.7	20.1	16.4	16.7	16.6	16.5	17	17.4		17.8	12
1987	16	17.6	17	17.6	19.6	18.7	16.3	16.2	17	17	17	18.2		17.4	12
1988	16.4	17.2	17.7	18.8	18.7	17.4	16.9	15.8	16.1	14.9	15.2	13.1		16.5	12
1989	13.7													13.7	1
1990								19.6	19.6	19	18.1	16.8		18.6	5
1991	17.8	17.6	21.2	22	22.3	20.9	18.5	19.6	19	18.9	18.1	16.8		19.4	12
1992	16.9	17.4	20.1	20	20.7	21	19.8	20	19.2	19.1	18.6	17.6		19.2	12
1993	18.1	18.4	19.4	21	21.2	21	20.1	19.3	20.1	19.8	18.5	17.4		19.5	12
1994	16.4	18.1	20.5	21.8	21.9	20.6	19.7	19.6	19.4	20	19	18.2		19.6	12
1995	18	18.9	20	22	21.8	21.4	19.6	20.3	20.1	20	19	18		19.9	12
1996	16.8	18.1	19.3	21.4	21.6	20.6	20.1	20	21.1	19.7	17.4	17.4		19.5	12
1997	17	18.4	20.1	20.2	20.4	21.2	20.4	20.2	20	19.6	18.9	17.4		19.5	12
1998	16.6	17.4	19.6	22.8	23.4	22.9	19.8	20	20	19.1	18	16.8		19.7	12
1999	16.3	17.1	19.4	21.3	19.4	18.9	18.5	19.1	18.5	17.1	16	15.4		18.1	12
2000	15.9	16.9	19.6	15.7	17	17.4	16.4	16.5	17.1	15.6	15.9	13.4		16.4	12
2001	12.6	14.2	15.1	18.3	19.1	18.8	18.5	18.6	18.4	17.4	14.5			16.9	11
2002				17	19.1	19.1	18.2	17.9	19.2	18.2	14.4	14.2		17.5	9
2003	12.7	14.7	15.9	19.2	20	19.4	18.1	18.1	19	17.8	15.1	11.5		16.8	12
2004	13.3	14.2	16	17.1	18.6	18.9	18	18.4	18.7	18.3	14.7	13.4		16.6	12
2005	12.8	14.8	16.9	19	19	20	18.6	18.8	18.6	17.3	14.3	13		16.9	12
2006	14.4	14.7	16	18.5	19.6	18.7	18.6	19.4	19	18.7	16.5	16.6		17.6	12
2007	16.8	16.4	18	19.6	20.5	20.6	19.4	18.9	18.6	18	15.8	15.9		18.2	12
2008	15.9	18	18	19.8	20.8	18.9	18.2	19.3	18.4	17.1	15.3	15		17.9	12
2009	14.8	15.2	16.5	19.8	20.4	20	19.4	18.9	18.9	18.8	16.6	16.6		18	12
2010	15.1	16.3	18.6	20.2	21.6	20.4	18.8	18.3	18.1	16.4	15.8	13.4		17.8	12
2011	15.5	16.7	18	20.4	21.2	19.4	18.4	18.6	18.2	16.8	16.6	15.1		17.9	12
2012	15.6	17	18.1	18.4	20	18.8	18	18.6	18.6	17.3	16.1	16.2		17.7	12
2013	15.9	17.9	17.9	20.6	20.4	19.8	19	18.8	19	19.6	18.2	17.9		18.8	12
2014	16.4	19.6	21	22	21	21	19.9	20.3	19.3	18.8	17.4	17.1		19.5	12
2015	16.9	18.3	19.4	20.7										18.8	4
2016			22	22.2	23.5	20.5	20	20.2	19.6	18.2	18	17.9		20.2	10
2017	16.8	18.1	19.2	20.3	22.8	20.4	19.4	19.7	19.4	18	17	15.9		18.9	12
2018	14.7	18.4	20.4	20.6	21.6	20.3	19.4	19.8	20.2	19.2	18.9	17		19.2	12
2019	16.9	20.4	20.8	22	23.4	21.4	20.6	21.6	20.2	20.1	18.9	18.2		20.4	12
2020	18.1	19.6		23.9	22	21.8	21.4	20.9	20.6	19.4	18.4	18.2		20.4	11
2021	18.5	19.1	21.4	22.9	21.9	20.6	20	20.4	20.6	20.6	17.2	18.6		20.1	12
2022	18.5	19.3	21.2	23.1	23.2	20.8	20.9	20.8	19.6	20.3	19.8	17		20.4	12
2023	18.1	19.2	21.8	22.9	22.8	23.4	21.9	21.9	21.5	20.9	20.2	17.6		21	12
2024	20	20.6	24	24.5		23.6								22.5	5
MÍNIMA	12.6	14.2	15.1	15.7	17	17.4	16.3	15.8	16.1	14.9	14.3	11.5		13.7	1
MÁXIMA	20	20.6	24	24.5	23.8	23.6	22	21.9	21.5	20.9	20.2	19.2		22.5	12
MEDIA	16.5	17.7	19.6	21	21.4	20.5	19.4	19.5	19.4	18.7	17.5	16.7		18.9	11.1
DESV.ST	1.5	1.5	1.8	1.8	1.5	1.3	1.3	1.2	1.1	1.3	1.5	1.6		1.4	2.5
